# energy grid [eV]     epsr_x  epsr_y  epsr_z
#
    0.001000000 *************** -2342.472033257  4.576900670
    0.021038076  -66.556063364    4.726841928    4.671669439
    0.041076152   -7.188417235    8.014583121    4.671707706
    0.061114228    3.623695393    8.472895233    4.671721800
    0.081152305    7.100313674    8.574559336    4.671849651
    0.101190381    8.493695501    8.601543757    4.672121770
    0.121228457    9.078139194    8.611654033    4.672545290
    0.141266533    9.265496481    8.619846103    4.673118521
    0.161304609    9.214335834    8.630235563    4.673837000
    0.181342685    9.001638769    8.643643091    4.674695451
    0.201380762    8.683563209    8.659764926    4.675688295
    0.221418838    8.315158042    8.677990067    4.676810166
    0.241456914    7.949784947    8.697783123    4.678056502
    0.261494990    7.631156234    8.718829127    4.679423886
    0.281533066    7.386912596    8.741013121    4.680910065
    0.301571142    7.227045670    8.764317532    4.682513765
    0.321609218    7.146860260    8.788727190    4.684234463
    0.341647295    7.132663418    8.814193197    4.686072205
    0.361685371    7.167684616    8.840647579    4.688027465
    0.381723447    7.236270406    8.868032719    4.690101060
    0.401761523    7.325852390    8.896320859    4.692294081
    0.421799599    7.427279421    8.925519200    4.694607849
    0.441837675    7.534339381    8.955665912    4.697043883
    0.461875752    7.643051022    8.986822907    4.699603881
    0.481913828    7.751007927    9.019068677    4.702289708
    0.501951904    7.856865045    9.052492381    4.705103390
    0.521989980    7.959969134    9.087189268    4.708047110
    0.542028056    8.060104718    9.123257043    4.711123206
    0.562066132    8.157323610    9.160792607    4.714334164
    0.582104208    8.251831254    9.199888297    4.717682608
    0.602142285    8.343909648    9.240626392    4.721171274
    0.622180361    8.433862212    9.283070589    4.724802973
    0.642218437    8.521970386    9.327253656    4.728580523
    0.662256513    8.608455192    9.373161575    4.732506650
    0.682294589    8.693440133    9.420716010    4.736583840
    0.702332665    8.776915049    9.469758767    4.740814133
    0.722370741    8.858703475    9.520042550    4.745198841
    0.742408818    8.938435634    9.571228177    4.749738145
    0.762446894    9.015521875    9.622876795    4.754430526
    0.782484970    9.089111799    9.674413634    4.759271988
    0.802523046    9.158033148    9.725046639    4.764255115
    0.822561122    9.220751796    9.773663545    4.769368253
    0.842599198    9.275457037    9.818787236    4.774595303
    0.862637275    9.320380047    9.858690415    4.779916652
    0.882675351    9.354330028    9.891707030    4.785311206
    0.902713427    9.377220278    9.916630712    4.790758615
    0.922751503    9.390251493    9.932960743    4.796240382
    0.942789579    9.395593499    9.940811814    4.801739498
    0.962827655    9.395724161    9.940572621    4.807239619
    0.982865731    9.392766578    9.932643305    4.812725361
    1.002903808    9.388137360    9.917527908    4.818184581
    1.022941884    9.382632197    9.896195884    4.823611578
    1.042979960    9.376810363    9.870294546    4.829008310
    1.063018036    9.371368321    9.841898525    4.834381528
    1.083056112    9.367253695    9.812959678    4.839736782
    1.103094188    9.365495332    9.784910391    4.845072724
    1.123132265    9.366901938    9.758667321    4.850379635
    1.143170341    9.371798836    9.734890798    4.855644366
    1.163208417    9.379902543    9.714197084    4.860859975
    1.183246493    9.390379908    9.697169058    4.866034327
    1.203284569    9.402106305    9.684245786    4.871192445
    1.223322645    9.414075461    9.675673094    4.876372863
    1.243360721    9.425829125    9.671618279    4.881621790
    1.263398798    9.437742962    9.672384648    4.886986503
    1.283436874    9.451066985    9.678540888    4.892506536
    1.303474950    9.467720094    9.690816501    4.898203850
    1.323513026    9.489908079    9.709821187    4.904078309
    1.343551102    9.519674256    9.735846029    4.910114011
    1.363589178    9.558517341    9.768940313    4.916294167
    1.383627255    9.607192128    9.809159746    4.922615857
    1.403665331    9.665722417    9.856708651    4.929096463
    1.423703407    9.733545452    9.911839827    4.935768315
    1.443741483    9.809677318    9.974613223    4.942663977
    1.463779559    9.892866630   10.044706862    4.949799649
    1.483817635    9.981760310   10.121408584    4.957164340
    1.503855711   10.075065269   10.203785284    4.964716813
    1.523893788   10.171653799   10.290924040    4.972387818
    1.543931864   10.270599223   10.382119480    4.980087273
    1.563969940   10.371183880   10.476924492    4.987718760
    1.584008016   10.472916398   10.575044052    4.995199721
    1.604046092   10.575509465   10.676108568    5.002478453
    1.624084168   10.678699227   10.779407045    5.009538623
    1.644122244   10.781874190   10.883672920    5.016393280
    1.664160321   10.883670433   10.986970683    5.023083240
    1.684198397   10.981741794   11.086654478    5.029690116
    1.704236473   11.072766744   11.179336723    5.036351408
    1.724274549   11.152629991   11.260877847    5.043251716
    1.744312625   11.216795881   11.326578156    5.050580502
    1.764350701   11.261039640   11.371851830    5.058476316
    1.784388778   11.282570979   11.393413678    5.066990403
    1.804426854   11.281111692   11.390451753    5.076090410
    1.824464930   11.259215929   11.364990213    5.085699448
    1.844503006   11.221541057   11.321150502    5.095743548
    1.864541082   11.173558031   11.263910730    5.106175937
    1.884579158   11.120494681   11.198300556    5.116965505
    1.904617234   11.066728578   11.129243561    5.128067619
    1.924655311   11.015215890   11.061376286    5.139410831
    1.944693387   10.967001306   10.998517410    5.150917024
    1.964731463   10.921630442   10.943380628    5.162540714
    1.984769539   10.878688641   10.897911141    5.174294857
    2.004807615   10.839230728   10.863639726    5.186242132
    2.024845691   10.805732359   10.841423527    5.198461064
    2.044883768   10.780735221   10.830916536    5.211014395
    2.064921844   10.765557224   10.830490739    5.223937152
    2.084959920   10.760089741   10.837768082    5.237241093
    2.104997996   10.763595970   10.850497546    5.250922940
    2.125036072   10.775704807   10.867452802    5.264969808
    2.145074148   10.796835520   10.888893605    5.279363813
    2.165112224   10.827818197   10.916195736    5.294088139
    2.185150301   10.869118014   10.950863024    5.309132918
    2.205188377   10.920368118   10.993717371    5.324500386
    2.225226453   10.980521516   11.044819503    5.340210951
    2.245264529   11.048239948   11.103830445    5.356308113
    2.265302605   11.121982881   11.170137277    5.372856181
    2.285340681   11.199802901   11.242551789    5.389929040
    2.305378758   11.279276274   11.318963514    5.407596739
    2.325416834   11.357777780   11.396322213    5.425917751
    2.345454910   11.432936803   11.471015002    5.444935953
    2.365492986   11.502984724   11.539453215    5.464675030
    2.385531062   11.566727299   11.598569095    5.485128572
    2.405569138   11.623048890   11.646001288    5.506254016
    2.425607214   11.670154613   11.679909354    5.527979189
    2.445645291   11.704952903   11.698480257    5.550222852
    2.465683367   11.722868429   11.699341338    5.572923644
    2.485721443   11.718063228   11.679181784    5.596065669
    2.505759519   11.683911818   11.633732568    5.619684652
    2.525797595   11.613695576   11.558042701    5.643846318
    2.545835671   11.501525425   11.447009973    5.668609115
    2.565873747   11.343324870   11.296200357    5.693994754
    2.585911824   11.137525972   11.102783237    5.719979956
    2.605949900   10.885159639   10.866157427    5.746507429
    2.625987976   10.589239863   10.587982354    5.773508041
    2.646026052   10.253660290   10.271692152    5.800926069
    2.666064128    9.882091636    9.921659523    5.828738929
    2.686102204    9.477294094    9.541998154    5.856962397
    2.706140281    9.040836347    9.135032678    5.885638390
    2.726178357    8.573014215    8.699881838    5.914815232
    2.746216433    8.073093224    8.231990271    5.944537570
    2.766254509    7.540282088    7.724366877    5.974855703
    2.786292585    6.975485975    7.170647477    6.005846993
    2.806330661    6.383146003    6.569139381    6.037626258
    2.826368737    5.772141209    5.926247118    6.070322674
    2.846406814    5.155253901    5.257693467    6.104024485
    2.866444890    4.547565970    4.586807032    6.138720817
    2.886482966    3.964551916    3.940396396    6.174273237
    2.906521042    3.420478469    3.343749094    6.210424655
    2.926559118    2.927356241    2.816450171    6.246829128
    2.946597194    2.494326545    2.370006975    6.283091718
    2.966635271    2.127213512    2.007449191    6.318824449
    2.986673347    1.828154892    1.724606956    6.353706760
    3.006711423    1.595514689    1.512466709    6.387499577
    3.026749499    1.424347671    1.359783508    6.419980785
    3.046787575    1.307462627    1.255230775    6.450855123
    3.066825651    1.236788638    1.188800895    6.479731829
    3.086863727    1.204550788    1.152559992    6.506200807
    3.106901804    1.203896479    1.140909334    6.529959411
    3.126939880    1.228981872    1.150337043    6.550925208
    3.146977956    1.274786403    1.178623035    6.569288743
    3.167016032    1.336844375    1.223708500    6.585480801
    3.187054108    1.410903206    1.282725043    6.600057998
    3.207092184    1.492612666    1.351704970    6.613543710
    3.227130261    1.577541457    1.426121257    6.626283750
    3.247168337    1.661681416    1.501850605    6.638376616
    3.267206413    1.742204828    1.575926525    6.649706442
    3.287244489    1.818002203    1.646752870    6.660054441
    3.307282565    1.889654155    1.713903986    6.669221931
    3.327320641    1.958830251    1.777808948    6.677094822
    3.347358717    2.027361525    1.839475833    6.683623117
    3.367396794    2.096275468    1.900189855    6.688744301
    3.387434870    2.165045459    1.961032669    6.692309199
    3.407472946    2.231292938    2.022215818    6.694060766
    3.427511022    2.291126025    2.082519657    6.693670920
    3.447549098    2.340158541    2.139319924    6.690791632
    3.467587174    2.374994152    2.189457604    6.685062619
    3.487625251    2.394553020    2.230574608    6.676049807
    3.507663327    2.400395800    2.262037203    6.663162107
    3.527701403    2.395720766    2.284807817    6.645661119
    3.547739479    2.383740095    2.300513621    6.622851570
    3.567777555    2.366547766    2.310585184    6.594408619
    3.587815631    2.344938788    2.316015375    6.560672365
    3.607853707    2.318810589    2.317501151    6.522728476
    3.627891784    2.287601299    2.315447050    6.482207582
    3.647929860    2.250574457    2.309718156    6.440908081
    3.667967936    2.207075951    2.299476610    6.400453153
    3.688006012    2.156864142    2.283386728    6.362127635
    3.708044088    2.100407812    2.260112119    6.326879323
    3.728082164    2.038997496    2.228832440    6.295393105
    3.748120240    1.974682658    2.189601378    6.268172003
    3.768158317    1.910127291    2.143512727    6.245579780
    3.788196393    1.848351009    2.092673756    6.227817804
    3.808234469    1.792268045    2.039968878    6.214872378
    3.828272545    1.744114721    1.988604708    6.206519976
    3.848310621    1.705073808    1.941474166    6.202445316
    3.868348697    1.675333955    1.900494941    6.202428827
    3.888386774    1.654430353    1.866198561    6.206477884
    3.908424850    1.641454984    1.837790790    6.214802614
    3.928462926    1.634931674    1.813632562    6.227670578
    3.948501002    1.632565278    1.791830276    6.245270145
    3.968539078    1.631280392    1.770628354    6.267666862
    3.988577154    1.627776536    1.748520114    6.294835782
    4.008615230    1.619362367    1.724175874    6.326711200
    4.028653307    1.604532680    1.696326327    6.363211896
    4.048691383    1.582961280    1.663721492    6.404224018
    4.068729459    1.555067896    1.625243923    6.449546828
    4.088767535    1.521565181    1.580166534    6.498838371
    4.108805611    1.483242447    1.528449037    6.551612853
    4.128843687    1.440952444    1.470921437    6.607311572
    4.148881764    1.395637346    1.409245225    6.665415265
    4.168919840    1.348310860    1.345664719    6.725536778
    4.188957916    1.299995766    1.282646193    6.787451968
    4.208995992    1.251596246    1.222482244    6.851065674
    4.229034068    1.203719750    1.166932534    6.916329851
    4.249072144    1.156586168    1.117014819    6.983139467
    4.269110220    1.110165564    1.073017315    7.051245712
    4.289148297    1.064488913    1.034671194    7.120225619
    4.309186373    1.019886836    1.001339719    7.189520101
    4.329224449    0.976975332    0.972135360    7.258519549
    4.349262525    0.936452361    0.946008726    7.326648403
    4.369300601    0.898894841    0.921887054    7.393384754
    4.389338677    0.864659582    0.898839256    7.458181386
    4.409376754    0.833858311    0.876182578    7.520333183
    4.429414830    0.806340714    0.853500007    7.578890367
    4.449452906    0.781689168    0.830602217    7.632694318
    4.469490982    0.759288404    0.807480869    7.680553268
    4.489529058    0.738464705    0.784279369    7.721522396
    4.509567134    0.718580677    0.761239812    7.755192766
    4.529605210    0.699013721    0.738545008    7.781838061
    4.549643287    0.679101476    0.716097911    7.802299764
    4.569681363    0.658178060    0.693432189    7.817648405
    4.589719439    0.635693317    0.669862434    7.828821160
    4.609757515    0.611303797    0.644766335    7.836434728
    4.629795591    0.584874689    0.617827766    7.840806647
    4.649833667    0.556432262    0.589148818    7.842071890
    4.669871743    0.526146144    0.559211320    7.840293746
    4.689909820    0.494378024    0.528717290    7.835559666
    4.709947896    0.461738908    0.498386409    7.828068948
    4.729985972    0.429045742    0.468796175    7.818164918
    4.750024048    0.397129014    0.440295275    7.806254763
    4.770062124    0.366564803    0.412963704    7.792631329
    4.790100200    0.337485484    0.386600701    7.777292213
    4.810138277    0.309608557    0.360779748    7.759865721
    4.830176353    0.282498961    0.335031099    7.739681607
    4.850214429    0.255908516    0.309117836    7.715920506
    4.870252505    0.229972466    0.283220133    7.687736928
    4.890290581    0.205148252    0.257836644    7.654300409
    4.910328657    0.181939911    0.233426108    7.614769424
    4.930366733    0.160557102    0.210032485    7.568261017
    4.950404810    0.140692491    0.187140582    7.513897223
    4.970442886    0.121537428    0.163825386    7.450967107
    4.990480962    0.101998628    0.139053788    7.379143690
    5.010519038    0.080953590    0.111913679    7.298618295
    5.030557114    0.057411162    0.081652508    7.210033872
    5.050595190    0.030578399    0.047611649    7.114205903
    5.070633267   -0.000091057    0.009225579    7.011736331
    5.090671343   -0.034837322   -0.033845893    6.902687686
    5.110709419   -0.073531423   -0.081500311    6.786479985
    5.130747495   -0.115596107   -0.132975180    6.662070668
    5.150785571   -0.159936207   -0.186753654    6.528289358
    5.170823647   -0.204974699   -0.240724820    6.384089693
    5.190861723   -0.248840373   -0.292589963    6.228589943
    5.210899800   -0.289645208   -0.340324556    6.060990419
    5.230937876   -0.325762827   -0.382477914    5.880532551
    5.250975952   -0.356043206   -0.418218735    5.686533076
    5.271014028   -0.379911512   -0.447190005    5.478365989
    5.291052104   -0.397313467   -0.469307816    5.255286557
    5.311090180   -0.408528757   -0.484604749    5.016227510
    5.331128257   -0.413968466   -0.493159201    4.759920267
    5.351166333   -0.414081307   -0.495108253    4.485570268
    5.371204409   -0.409365874   -0.490686997    4.193829524
    5.391242485   -0.400383234   -0.480225987    3.887449310
    5.411280561   -0.387702343   -0.464118360    3.571169584
    5.431318637   -0.371798136   -0.442814674    3.250872423
    5.451356713   -0.352973039   -0.416842989    2.932375572
    5.471394790   -0.331376706   -0.386805747    2.620376372
    5.491432866   -0.307133826   -0.353356853    2.317947912
    5.511470942   -0.280498510   -0.317216190    2.026657572
    5.531509018   -0.251944855   -0.279237266    1.747091547
    5.551547094   -0.222182293   -0.240472614    1.479500666
    5.571585170   -0.192138891   -0.202183129    1.224319332
    5.591623246   -0.162928938   -0.165795179    0.982374544
    5.611661323   -0.135774488   -0.132839963    0.754757369
    5.631699399   -0.111866807   -0.104881538    0.542519179
    5.651737475   -0.092236137   -0.083412573    0.346392052
    5.671775551   -0.077747174   -0.069727688    0.166633426
    5.691813627   -0.069253594   -0.064820991    0.003033891
    5.711851703   -0.067772379   -0.069328088   -0.144920874
    5.731889780   -0.074463427   -0.083474485   -0.277832252
    5.751927856   -0.090336760   -0.106983008   -0.396232576
    5.771965932   -0.115827088   -0.138959688   -0.500516496
    5.792004008   -0.150462220   -0.177855289   -0.590912045
    5.812042084   -0.192770279   -0.221587145   -0.667493119
    5.832080160   -0.240435207   -0.267799927   -0.730292362
    5.852118236   -0.290633554   -0.314162694   -0.779496388
    5.872156313   -0.340476648   -0.358614486   -0.815608142
    5.892194389   -0.387464552   -0.399531278   -0.839494044
    5.912232465   -0.429829284   -0.435829795   -0.852330971
    5.932270541   -0.466683358   -0.467026437   -0.855515459
    5.952308617   -0.497977277   -0.493240031   -0.850575451
    5.972346693   -0.524324973   -0.515104296   -0.839084971
    5.992384770   -0.546757605   -0.533579045   -0.822580186
    6.012422846   -0.566431566   -0.549700668   -0.802485690
    6.032460922   -0.584314858   -0.564335688   -0.780043860
    6.052498998   -0.600952695   -0.578000771   -0.756240164
    6.072537074   -0.616459386   -0.590836072   -0.731743277
    6.092575150   -0.630774860   -0.602808832   -0.706877431
    6.112613226   -0.644030544   -0.614088647   -0.681619609
    6.132651303   -0.656785584   -0.625375128   -0.655621529
    6.152689379   -0.670008986   -0.637965931   -0.628292449
    6.172727455   -0.684876190   -0.653527702   -0.598972310
    6.192765531   -0.702527837   -0.673694282   -0.567147624
    6.212803607   -0.723865808   -0.699645718   -0.532594752
    6.232841683   -0.749369776   -0.731761708   -0.495372433
    6.252879760   -0.778928208   -0.769409195   -0.455699518
    6.272917836   -0.811755476   -0.810950374   -0.413827198
    6.292955912   -0.846474459   -0.854034006   -0.369982113
    6.312993988   -0.881344579   -0.896086162   -0.324375301
    6.333032064   -0.914530251   -0.934785879   -0.277236508
    6.353070140   -0.944333420   -0.968352690   -0.228837882
    6.373108216   -0.969386287   -0.995617792   -0.179480744
    6.393146293   -0.988801699   -1.015946355   -0.129455828
    6.413184369   -1.002231681   -1.029100971   -0.079023091
    6.433222445   -1.009786028   -1.035125443   -0.028424243
    6.453260521   -1.011833841   -1.034288609    0.022114535
    6.473298597   -1.008788709   -1.027071078    0.072416913
    6.493336673   -1.000989772   -1.014149253    0.122392040
    6.513374749   -0.988717128   -0.996349412    0.172011410
    6.533412826   -0.972284612   -0.974576763    0.221216994
    6.553450902   -0.952118176   -0.949739492    0.269828068
    6.573488978   -0.928768469   -0.922683710    0.317533036
    6.593527054   -0.902877533   -0.894148930    0.364000555
    6.613565130   -0.875159346   -0.864757685    0.409069744
    6.633603206   -0.846424969   -0.835045841    0.452909414
    6.653641283   -0.817620147   -0.805512435    0.496020630
    6.673679359   -0.789811170   -0.776651546    0.539046723
    6.693717435   -0.764078501   -0.748935554    0.582488929
    6.713755511   -0.741339876   -0.722740621    0.626490777
    6.733793587   -0.722170869   -0.698243355    0.670807186
    6.753831663   -0.706685318   -0.675349680    0.714944396
    6.773869739   -0.694505654   -0.653705251    0.758343395
    6.793907816   -0.684821812   -0.632788640    0.800484254
    6.813945892   -0.676517558   -0.612054133    0.840885631
    6.833983968   -0.668342442   -0.591087028    0.879050639
    6.854022044   -0.659111760   -0.569732349    0.914417813
    6.874060120   -0.647902278   -0.548157088    0.946350726
    6.894098196   -0.634186585   -0.526827974    0.974179744
    6.914136273   -0.617857625   -0.506420614    0.997302881
    6.934174349   -0.599154452   -0.487688895    1.015346898
    6.954212425   -0.578553379   -0.471319735    1.028351769
    6.974250501   -0.556678025   -0.457806483    1.036887297
    6.994288577   -0.534236344   -0.447381956    1.042025931
    7.014326653   -0.511972055   -0.440027548    1.045186559
    7.034364729   -0.490620521   -0.435527565    1.047917285
    7.054402806   -0.470850337   -0.433509937    1.051664569
    7.074440882   -0.453163452   -0.433436961    1.057566433
    7.094478958   -0.437757999   -0.434575467    1.066326000
    7.114517034   -0.424426859   -0.436023632    1.078206151
    7.134555110   -0.412602664   -0.436832895    1.093137473
    7.154593186   -0.401583937   -0.436172116    1.110886718
    7.174631263   -0.390823604   -0.433449981    1.131206815
    7.194669339   -0.380102469   -0.428368780    1.153905116
    7.214707415   -0.369519142   -0.420942978    1.178827502
    7.234745491   -0.359357360   -0.411507464    1.205810624
    7.254783567   -0.349917435   -0.400683946    1.234647632
    7.274821643   -0.341375532   -0.389253004    1.265067839
    7.294859719   -0.333725339   -0.377943724    1.296727849
    7.314897796   -0.326829155   -0.367242614    1.329239508
    7.334935872   -0.320541367   -0.357327190    1.362229281
    7.354973948   -0.314815963   -0.348136859    1.395359762
    7.375012024   -0.309725897   -0.339511936    1.428254215
    7.395050100   -0.305399709   -0.331328661    1.460342999
    7.415088176   -0.301942177   -0.323589127    1.490713092
    7.435126253   -0.299394450   -0.316444275    1.518074982
    7.455164329   -0.297738129   -0.310151566    1.540959047
    7.475202405   -0.296918847   -0.305001170    1.558147573
    7.495240481   -0.296867725   -0.301252521    1.569148669
    7.515278557   -0.297504610   -0.299092775    1.574394483
    7.535316633   -0.298715325   -0.298594586    1.574977299
    7.555354709   -0.300324352   -0.299659041    1.572079462
    7.575392786   -0.302108125   -0.301974950    1.566488532
    7.595430862   -0.303872132   -0.305055064    1.558469441
    7.615468938   -0.305554785   -0.308369784    1.547952976
    7.635507014   -0.307275525   -0.311496414    1.534829234
    7.655545090   -0.309268184   -0.314156491    1.519188779
    7.675583166   -0.311721241   -0.316116586    1.501472115
    7.695621242   -0.314602509   -0.317062864    1.482522934
    7.715659319   -0.317540653   -0.316560530    1.463506554
    7.735697395   -0.319809761   -0.314106291    1.445677762
    7.755735471   -0.320434360   -0.309209959    1.430090780
    7.775773547   -0.318384291   -0.301444598    1.417392968
    7.795811623   -0.312784567   -0.290455055    1.407752757
    7.815849699   -0.303068907   -0.275969995    1.400868812
    7.835887776   -0.289045918   -0.257856879    1.396008106
    7.855925852   -0.270882880   -0.236188392    1.392070150
    7.875963928   -0.249034491   -0.211259045    1.387682541
    7.896002004   -0.224151240   -0.183547040    1.381307495
    7.916040080   -0.196990438   -0.153666016    1.371335897
    7.936078156   -0.168337856   -0.122329616    1.356169617
    7.956116232   -0.138941529   -0.090306797    1.334318642
    7.976154309   -0.109458471   -0.058342971    1.304541677
    7.996192385   -0.080414249   -0.027060280    1.266015131
    8.016230461   -0.052177278    0.003115048    1.218465586
    8.036268537   -0.024955091    0.031952847    1.162208532
    8.056306613    0.001183924    0.059348186    1.098078015
    8.076344689    0.026271827    0.085233290    1.027248589
    8.096382766    0.050398473    0.109525490    0.950983518
    8.116420842    0.073674934    0.132118294    0.870431696
    8.136458918    0.096207001    0.152895508    0.786621094
    8.156496994    0.118075369    0.171766318    0.700677003
    8.176535070    0.139320120    0.188735630    0.614129046
    8.196573146    0.159938716    0.203992571    0.529060181
    8.216611222    0.179913242    0.217954780    0.447881506
    8.236649299    0.199268932    0.231219242    0.372780439
    8.256687375    0.218133982    0.244436181    0.305215897
    8.276725451    0.236747582    0.258164065    0.245848791
    8.296763527    0.255389654    0.272755149    0.194925945
    8.316801603    0.274274862    0.288301586    0.152751603
    8.336839679    0.293488677    0.304656076    0.119842000
    8.356877756    0.313003739    0.321515049    0.096646575
    8.376915832    0.332752422    0.338529481    0.083064577
    8.396953908    0.352704652    0.355404610    0.078136742
    8.416991984    0.372909989    0.371957241    0.080141519
    8.437030060    0.393486072    0.388119274    0.087007808
    8.457068136    0.414560907    0.403908500    0.096762195
    8.477106212    0.436200107    0.419401725    0.107785444
    8.497144289    0.458359259    0.434722749    0.118835653
    8.517182365    0.480882462    0.450027674    0.128952125
    8.537220441    0.503535783    0.465472395    0.137409552
    8.557258517    0.526053592    0.481176158    0.143806368
    8.577296593    0.548184569    0.497203667    0.148214310
    8.597334669    0.569728149    0.513565337    0.151246600
    8.617372745    0.590553879    0.530221710    0.153966312
    8.637410822    0.610605022    0.547086566    0.157663027
    8.657448898    0.629893753    0.564031018    0.163587728
    8.677486974    0.648490760    0.580893430    0.172739827
    8.697525050    0.666505651    0.597502285    0.185760053
    8.717563126    0.684055698    0.613715418    0.202919020
    8.737601202    0.701232286    0.629468565    0.224158441
    8.757639279    0.718085152    0.644813512    0.249162315
    8.777677355    0.734629371    0.659921090    0.277451612
    8.797715431    0.750852639    0.675041927    0.308481812
    8.817753507    0.766705009    0.690445963    0.341720029
    8.837791583    0.782084620    0.706364190    0.376698307
    8.857829659    0.796842773    0.722940321    0.413050738
    8.877867735    0.810813380    0.740202513    0.450534786
    8.897905812    0.823857860    0.758072870    0.489032506
    8.917943888    0.835913634    0.776412179    0.528532384
    8.937981964    0.847029119    0.795067979    0.569090936
    8.958020040    0.857366769    0.813892662    0.610774117
    8.978058116    0.867169877    0.832724799    0.653599278
    8.998096192    0.876709689    0.851360710    0.697506430
    9.018134269    0.886237799    0.869555974    0.742359809
    9.038172345    0.895956118    0.887065155    0.787959682
    9.058210421    0.905995971    0.903681780    0.834058100
    9.078248497    0.916393136    0.919238956    0.880386832
    9.098286573    0.927065629    0.933577356    0.926688439
    9.118324649    0.937823982    0.946522802    0.972717605
    9.138362725    0.948430158    0.957901398    1.018201794
    9.158400802    0.958673565    0.967582254    1.062800783
    9.178438878    0.968413776    0.975524766    1.106106915
    9.198476954    0.977580602    0.981823854    1.147674931
    9.218515030    0.986165412    0.986750062    1.187035811
    9.238553106    0.994221445    0.990756069    1.223675146
    9.258591182    1.001854274    0.994417115    1.257007713
    9.278629259    1.009196146    0.998317724    1.286391811
    9.298667335    1.016389696    1.002939046    1.311179365
    9.318705411    1.023589157    1.008593360    1.330744692
    9.338743487    1.030948611    1.015411534    1.344451081
    9.358781563    1.038581020    1.023361265    1.351598441
    9.378819639    1.046520154    1.032278722    1.351438159
    9.398857715    1.054717218    1.041912054    1.343274983
    9.418895792    1.063058145    1.051975240    1.326593093
    9.438933868    1.071378421    1.062200582    1.301152453
    9.458971944    1.079485246    1.072377065    1.267048077
    9.479010020    1.087200987    1.082368110    1.224709788
    9.499048096    1.094413950    1.092108877    1.174808144
    9.519086172    1.101111193    1.101589430    1.118115212
    9.539124248    1.107375505    1.110826863    1.055444739
    9.559162325    1.113344314    1.119825647    0.987730745
    9.579200401    1.119159235    1.128542461    0.916153066
    9.599238477    1.124948397    1.136885857    0.842155129
    9.619276553    1.130840473    1.144755625    0.767291189
    9.639314629    1.136958736    1.152081712    0.692990341
    9.659352705    1.143365757    1.158816109    0.620393873
    9.679390782    1.149999699    1.164883458    0.550349402
    9.699428858    1.156663271    1.170145949    0.483502808
    9.719466934    1.163074080    1.174419691    0.420363113
    9.739505010    1.168933460    1.177525548    0.361280449
    9.759543086    1.173975773    1.179338757    0.306388501
    9.779581162    1.178001141    1.179824336    0.255601137
    9.799619238    1.180915273    1.179069157    0.208685567
    9.819657315    1.182774964    1.177319939    0.165356210
    9.839695391    1.183803576    1.175009095    0.125335026
    9.859733467    1.184352091    1.172729136    0.088366063
    9.879771543    1.184827546    1.171137206    0.054187133
    9.899809619    1.185630149    1.170819857    0.022463924
    9.919847695    1.187113269    1.172177440   -0.007287599
    9.939885772    1.189550006    1.175375502   -0.035745208
    9.959923848    1.193093974    1.180370175   -0.063751632
    9.979961924    1.197749709    1.186972742   -0.092199743
   10.000000000    1.203380363    1.194905387   -0.121857756
