# energy grid [eV]     epsi_x  epsi_y  epsi_z
#
    0.001000000    5.585691725    5.580509174    0.000322429
    0.021038076    6.072563551    6.071769415    0.001240257
    0.041076152    4.351441902    4.350330847    0.002246408
    0.061114228    3.567609859    3.566585319    0.003217614
    0.081152305    3.112615764    3.111678075    0.004167055
    0.101190381    2.815964915    2.815093016    0.005096883
    0.121228457    2.614219459    2.613399985    0.006006248
    0.141266533    2.479229580    2.478455185    0.006895367
    0.161304609    2.397137696    2.396403930    0.007766679
    0.181342685    2.360310067    2.359613288    0.008624678
    0.201380762    2.363655777    2.362991865    0.009475285
    0.221418838    2.403023054    2.402386878    0.010324937
    0.241456914    2.474543378    2.473929396    0.011179590
    0.261494990    2.573656485    2.573060839    0.012043996
    0.281533066    2.692735132    2.692158944    0.012921434
    0.301571142    2.817759375    2.817211840    0.013813822
    0.321609218    2.926664641    2.926163623    0.014722032
    0.341647295    2.992582086    2.992150299    0.015646283
    0.361685371    2.992410452    2.992067723    0.016586519
    0.381723447    2.916148223    2.915903654    0.017542745
    0.401761523    2.770373708    2.770222236    0.018515268
    0.421799599    2.573889863    2.573814714    0.019504809
    0.441837675    2.349873681    2.349852430    0.020512495
    0.461875752    2.119610592    2.119621371    0.021539770
    0.481913828    1.899353998    1.899379504    0.022588297
    0.501951904    1.699509213    1.699537981    0.023659891
    0.521989980    1.525214314    1.525240002    0.024756497
    0.542028056    1.377664727    1.377684596    0.025880202
    0.562066132    1.255602347    1.255615790    0.027033240
    0.582104208    1.156559856    1.156567336    0.028218008
    0.602142285    1.077718070    1.077720469    0.029437097
    0.622180361    1.016412997    1.016411272    0.030693391
    0.642218437    0.970376900    0.970371931    0.031990242
    0.662256513    0.937789052    0.937781593    0.033331680
    0.682294589    0.917205857    0.917196541    0.034722532
    0.702332665    0.907439897    0.907429252    0.036168328
    0.722370741    0.907447780    0.907436229    0.037675058
    0.742408818    0.916258295    0.916246132    0.039248930
    0.762446894    0.932933586    0.932920955    0.040896312
    0.782484970    0.956538296    0.956525211    0.042623828
    0.802523046    0.986111694    0.986098118    0.044438462
    0.822561122    1.020664243    1.020650186    0.046347636
    0.842599198    1.059222342    1.059207937    0.048359350
    0.862637275    1.100935885    1.100921396    0.050482476
    0.882675351    1.145246066    1.145231819    0.052727112
    0.902713427    1.192066310    1.192052591    0.055104667
    0.922751503    1.241875660    1.241862641    0.057627304
    0.942789579    1.295612832    1.295600606    0.060306624
    0.962827655    1.354323329    1.354312042    0.063152150
    0.982865731    1.418632077    1.418622097    0.066170380
    1.002903808    1.488224918    1.488216935    0.069364512
    1.022941884    1.561564437    1.561559403    0.072734850
    1.042979960    1.636009471    1.636008376    0.076280672
    1.063018036    1.708352281    1.708355862    0.080004214
    1.083056112    1.775591728    1.775600244    0.083915819
    1.103094188    1.835635434    1.835648633    0.088037665
    1.123132265    1.887656791    1.887674046    0.092402916
    1.143170341    1.932016478    1.932036993    0.097048267
    1.163208417    1.969879177    1.969902168    0.102001184
    1.183246493    2.002765466    2.002790203    0.107266976
    1.203284569    2.032216786    2.032242525    0.112822416
    1.223322645    2.059585390    2.059611250    0.118620326
    1.243360721    2.085851552    2.085876487    0.124603888
    1.263398798    2.111456432    2.111479383    0.130723433
    1.283436874    2.136295799    2.136315967    0.136947089
    1.303474950    2.159959898    2.159976972    0.143260902
    1.323513026    2.182047355    2.182061598    0.149660003
    1.343551102    2.202310443    2.202322645    0.156137393
    1.363589178    2.220668458    2.220679733    0.162678222
    1.383627255    2.237328805    2.237340219    0.169261335
    1.403665331    2.253016476    2.253028620    0.175862226
    1.423703407    2.269016636    2.269029408    0.182452452
    1.443741483    2.286893931    2.286906669    0.188997821
    1.463779559    2.308127057    2.308138928    0.195461691
    1.483817635    2.333946962    2.333957386    0.201815548
    1.503855711    2.365383847    2.365392761    0.208049360
    1.523893788    2.403319799    2.403327708    0.214171231
    1.543931864    2.448436365    2.448444188    0.220196405
    1.563969940    2.501160727    2.501169547    0.226134527
    1.584008016    2.561762380    2.561773182    0.231981794
    1.604046092    2.630600259    2.630613743    0.237723918
    1.624084168    2.708375633    2.708392125    0.243356783
    1.644122244    2.796264904    2.796284360    0.248917557
    1.664160321    2.895909111    2.895931153    0.254498634
    1.684198397    3.009308029    3.009331992    0.260223464
    1.704236473    3.138711546    3.138736515    0.266194759
    1.724274549    3.286538006    3.286562868    0.272442962
    1.744312625    3.455146706    3.455170257    0.278898144
    1.764350701    3.646227612    3.646248687    0.285400981
    1.784388778    3.859801722    3.859819291    0.291754790
    1.804426854    4.093147494    4.093160699    0.297794652
    1.824464930    4.340186624    4.340194810    0.303437456
    1.844503006    4.591820094    4.591822865    0.308694199
    1.864541082    4.837283265    4.837280458    0.313645228
    1.884579158    5.066070261    5.066061721    0.318385472
    1.904617234    5.269863511    5.269848772    0.322961601
    1.924655311    5.444173000    5.444151275    0.327340184
    1.944693387    5.589414656    5.589385344    0.331428088
    1.964731463    5.710760816    5.710724309    0.335121022
    1.984769539    5.816300303    5.816258576    0.338339401
    2.004807615    5.914275055    5.914231740    0.341038933
    2.024845691    6.010913591    6.010873565    0.343213799
    2.044883768    6.109672318    6.109641001    0.344909111
    2.064921844    6.211578637    6.211561230    0.346234415
    2.084959920    6.315946814    6.315947634    0.347355051
    2.104997996    6.421022726    6.421044644    0.348459552
    2.125036072    6.524655981    6.524699900    0.349733380
    2.145074148    6.625216923    6.625281363    0.351360975
    2.165112224    6.722517467    6.722598487    0.353538945
    2.185150301    6.818186052    6.818277588    0.356471288
    2.205188377    6.915203704    6.915298227    0.360343738
    2.225226453    7.016864834    7.016954218    0.365297546
    2.245264529    7.125854488    7.125931102    0.371419926
    2.265302605    7.243972206    7.244030146    0.378752269
    2.285340681    7.372360775    7.372396903    0.387303818
    2.305378758    7.511698673    7.511712985    0.397053732
    2.325416834    7.662057255    7.662052312    0.407936020
    2.345454910    7.822593691    7.822573370    0.419827921
    2.365492986    7.991560455    7.991528671    0.432574981
    2.385531062    8.166990333    8.166950283    0.446056955
    2.405569138    8.347770417    8.347724506    0.460250431
    2.425607214    8.534376783    8.534327016    0.475240805
    2.445645291    8.728930560    8.728878936    0.491190479
    2.465683367    8.934833024    8.934781625    0.508313071
    2.485721443    9.156278887    9.156229661    0.526880641
    2.505759519    9.397602505    9.397557049    0.547237924
    2.525797595    9.662235813    9.662195339    0.569784570
    2.545835671    9.951316655    9.951282109    0.594919211
    2.565873747   10.262468752   10.262440918    0.622968370
    2.585911824   10.589464350   10.589443804    0.654127529
    2.605949900   10.923104029   10.923090923    0.688434222
    2.625987976   11.252965069   11.252958865    0.725781877
    2.646026052   11.569204001   11.569203349    0.765969462
    2.666064128   11.863684500   11.863687357    0.808765861
    2.686102204   12.130217154   12.130221110    0.853951423
    2.706140281   12.364219275   12.364221977    0.901300148
    2.726178357   12.562295019   12.562294498    0.950498767
    2.746216433   12.722041251   12.722036042    1.001046490
    2.766254509   12.841999518   12.841988644    1.052204891
    2.786292585   12.921448564   12.921431602    1.103042343
    2.806330661   12.959902866   12.959880169    1.152557844
    2.826368737   12.956513680   12.956486640    1.199834956
    2.846406814   12.909626686   12.909597763    1.244197889
    2.866444890   12.816713866   12.816686184    1.285368000
    2.886482966   12.675023032   12.674999624    1.323577679
    2.906521042   12.483030278   12.483013335    1.359529019
    2.926559118   12.242015303   12.242005758    1.394134946
    2.946597194   11.956776399   11.956773923    1.428160417
    2.966635271   11.635158757   11.635162075    1.461983047
    2.986673347   11.286953914   11.286961278    1.495591731
    3.006711423   10.922883148   10.922892748    1.528758652
    3.026749499   10.553786905   10.553797113    1.561232813
    3.046787575   10.189729857   10.189739310    1.592859387
    3.066825651    9.839005795    9.839013457    1.623629532
    3.086863727    9.507422775    9.507428009    1.653689217
    3.106901804    9.198210408    9.198213026    1.683293971
    3.126939880    8.912552832    8.912553047    1.712690650
    3.146977956    8.650443573    8.650441875    1.741962627
    3.167016032    8.411477873    8.411474924    1.770925239
    3.187054108    8.195347516    8.195344100    1.799144195
    3.207092184    8.001990854    8.001987806    1.826075054
    3.227130261    7.831433030    7.831431113    1.851248204
    3.247168337    7.683403106    7.683402879    1.874408585
    3.267206413    7.556947579    7.556949321    1.895556717
    3.287244489    7.450327988    7.450331723    1.914891071
    3.307282565    7.361272347    7.361277924    1.932697208
    3.327320641    7.287339955    7.287347150    1.949252117
    3.347358717    7.226191331    7.226199904    1.964811180
    3.367396794    7.175835733    7.175845395    1.979692814
    3.387434870    7.134940926    7.134951257    1.994379132
    3.407472946    7.103025657    7.103036071    2.009515536
    3.427511022    7.080268346    7.080278149    2.025761674
    3.447549098    7.066886983    7.066895502    2.043549775
    3.467587174    7.062323588    7.062330281    2.062885863
    3.487625251    7.064606236    7.064610714    2.083343677
    3.507663327    7.070242753    7.070244727    2.104293516
    3.527701403    7.074830431    7.074829642    2.125212153
    3.547739479    7.074253017    7.074249234    2.145830929
    3.567777555    7.065959490    7.065952607    2.166033392
    3.587815631    7.049624790    7.049614966    2.185650348
    3.607853707    7.026814218    7.026801979    2.204366053
    3.627891784    6.999987007    6.999973226    2.221810188
    3.647929860    6.971547773    6.971533554    2.237726020
    3.667967936    6.943358834    6.943345340    2.252055911
    3.688006012    6.916693929    6.916682220    2.264900621
    3.708044088    6.892422103    6.892413009    2.276430826
    3.728082164    6.871152978    6.871147045    2.286826987
    3.748120240    6.853201333    6.853198828    2.296260684
    3.768158317    6.838526019    6.838526960    2.304906910
    3.788196393    6.826848423    6.826852591    2.312971847
    3.808234469    6.817861345    6.817868273    2.320706387
    3.828272545    6.811300643    6.811309631    2.328385382
    3.848310621    6.806867745    6.806877965    2.336260117
    3.868348697    6.804158782    6.804169477    2.344502662
    3.888386774    6.802659810    6.802670474    2.353166690
    3.908424850    6.801752477    6.801762919    2.362187587
    3.928462926    6.800717674    6.800727931    2.371419584
    3.948501002    6.798811347    6.798821527    2.380702231
    3.968539078    6.795438167    6.795448329    2.389962132
    3.988577154    6.790260253    6.790270382    2.399323951
    4.008615230    6.783035643    6.783045669    2.409163911
    4.028653307    6.773271870    6.773281666    2.420068148
    4.048691383    6.760058551    6.760067894    2.432724923
    4.068729459    6.742311399    6.742319970    2.447807152
    4.088767535    6.719294002    6.719301465    2.465876541
    4.108805611    6.691070105    6.691076235    2.487310881
    4.128843687    6.658580840    6.658585630    2.512264236
    4.148881764    6.623306116    6.623309772    2.540691177
    4.168919840    6.586784084    6.586786927    2.572442921
    4.188957916    6.550283424    6.550285744    2.607376086
    4.208995992    6.514664713    6.514666652    2.645389290
    4.229034068    6.480330086    6.480331611    2.686377565
    4.249072144    6.447235348    6.447236288    2.730189342
    4.269110220    6.414993891    6.414994025    2.776665089
    4.289148297    6.383071476    6.383070600    2.825745441
    4.309186373    6.351013200    6.351011150    2.877572828
    4.329224449    6.318596335    6.318592970    2.932521446
    4.349262525    6.285837154    6.285832361    2.991142772
    4.369300601    6.252889936    6.252883665    3.054068095
    4.389338677    6.219956531    6.219948849    3.121932120
    4.409376754    6.187309120    6.187300251    3.195352248
    4.429414830    6.155406213    6.155396552    3.274932904
    4.449452906    6.124953887    6.124943966    3.361215469
    4.469490982    6.096802897    6.096793311    3.454533816
    4.489529058    6.071737339    6.071728645    3.554849076
    4.509567134    6.050286362    6.050278974    3.661676840
    4.529605210    6.032626384    6.032620520    3.774123360
    4.549643287    6.018569699    6.018565384    3.890964866
    4.569681363    6.007638377    6.007635507    4.010744829
    4.589719439    5.999215434    5.999213846    4.131915583
    4.609757515    5.992672576    5.992672117    4.253017597
    4.629795591    5.987336247    5.987336816    4.372846606
    4.649833667    5.982299709    5.982301269    4.490565702
    4.669871743    5.976266268    5.976268817    4.605749714
    4.689909820    5.967610992    5.967614500    4.718373451
    4.709947896    5.954684208    5.954688552    4.828757774
    4.729985972    5.936190558    5.936195483    4.937499041
    4.750024048    5.911423223    5.911428340    5.045443198
    4.770062124    5.880287539    5.880292392    5.153729421
    4.790100200    5.843246323    5.843250476    5.263801738
    4.810138277    5.801324756    5.801327874    5.377262097
    4.830176353    5.756136864    5.756138769    5.495590817
    4.850214429    5.709774870    5.709775548    5.619883767
    4.870252505    5.664486122    5.664485704    5.750718320
    4.890290581    5.622240235    5.622238938    5.888173865
    4.910328657    5.584368167    5.584366228    6.031991817
    4.930366733    5.551401493    5.551399112    6.181828541
    4.950404810    5.523146195    5.523143522    6.337516164
    4.970442886    5.498927067    5.498924240    6.499233162
    4.990480962    5.477853460    5.477850662    6.667482520
    5.010519038    5.458974973    5.458972445    6.842809234
    5.030557114    5.441318680    5.441316676    7.025350916
    5.050595190    5.423886682    5.423885391    7.214492184
    5.070633267    5.405680270    5.405679743    7.408817358
    5.090671343    5.385767487    5.385767595    7.606277710
    5.110709419    5.363366812    5.363367227    7.804387851
    5.130747495    5.337890914    5.337891137    8.000438231
    5.150785571    5.308904424    5.308903860    8.191848641
    5.170823647    5.275986997    5.275985078    8.376669749
    5.190861723    5.238534651    5.238530969    8.553978899
    5.210899800    5.195609400    5.195603812    8.723840859
    5.230937876    5.146019206    5.146011863    8.886777375
    5.250975952    5.088721140    5.088712419    9.043035224
    5.271014028    5.023387903    5.023378280    9.192014757
    5.291052104    4.950790343    4.950780265    9.332011572
    5.311090180    4.872725328    4.872715148    9.460224038
    5.331128257    4.791535870    4.791525863    9.572976553
    5.351166333    4.709545084    4.709535481    9.666111745
    5.371204409    4.628687491    4.628678498    9.735417412
    5.391242485    4.550391538    4.550383321    9.776977008
    5.411280561    4.475633136    4.475625805    9.787477129
    5.431318637    4.405078923    4.405072536    9.764570166
    5.451356713    4.339253732    4.339248327    9.707299998
    5.471394790    4.278664918    4.278660539    9.616491337
    5.491432866    4.223837984    4.223834687    9.494942898
    5.511470942    4.175267941    4.175265775    9.347210637
    5.531509018    4.133318563    4.133317543    9.178914948
    5.551547094    4.098111138    4.098111223    8.995880387
    5.571585170    4.069470540    4.069471624    8.803527546
    5.591623246    4.046988170    4.046990084    8.606604727
    5.611661323    4.030172616    4.030175129    8.409069538
    5.631699399    4.018579200    4.018582039    8.214010443
    5.651737475    4.011838301    4.011841184    8.023662215
    5.671775551    4.009598330    4.009601003    7.839528576
    5.691813627    4.011450733    4.011453000    7.662511503
    5.711851703    4.016865979    4.016867729    7.492999321
    5.731889780    4.025119473    4.025120712    7.330979166
    5.751927856    4.035216766    4.035217622    7.176207154
    5.771965932    4.045881454    4.045882156    7.028355576
    5.792004008    4.055646204    4.055647014    6.887058964
    5.812042084    4.063025075    4.063026213    6.751899450
    5.832080160    4.066723831    4.066725426    6.622411577
    5.852118236    4.065844790    4.065846872    6.498088753
    5.872156313    4.060023855    4.060026390    6.378289317
    5.892194389    4.049434778    4.049437701    6.262019824
    5.912232465    4.034655771    4.034658995    6.147775368
    5.932270541    4.016472440    4.016475857    6.033680607
    5.952308617    3.995701685    3.995705163    5.917932828
    5.972346693    3.973069088    3.973072489    5.799256869
    5.992384770    3.949132817    3.949136003    5.677126122
    6.012422846    3.924241976    3.924244809    5.551774302
    6.032460922    3.898534518    3.898536864    5.424112307
    6.052498998    3.872000412    3.872002145    5.295561643
    6.072537074    3.844603504    3.844604503    5.167799306
    6.092575150    3.816391543    3.816391699    5.042517374
    6.112613226    3.787527153    3.787526381    4.921312309
    6.132651303    3.758234870    3.758233129    4.805657538
    6.152689379    3.728705788    3.728703086    4.696802857
    6.172727455    3.699019803    3.699016192    4.595553319
    6.192765531    3.669128143    3.669123698    4.502061619
    6.212803607    3.638869900    3.638864709    4.415804439
    6.232841683    3.607946673    3.607940850    4.335786456
    6.252879760    3.575831346    3.575825061    4.260855729
    6.272917836    3.541691410    3.541684914    4.189954445
    6.292955912    3.504449530    3.504443145    4.122226989
    6.312993988    3.463041605    3.463035681    4.057060780
    6.333032064    3.416797555    3.416792395    3.994135036
    6.353070140    3.365746488    3.365742285    3.933412187
    6.373108216    3.310655785    3.310652586    3.874991564
    6.393146293    3.252784028    3.252781762    3.818892591
    6.413184369    3.193512757    3.193511309    3.764907885
    6.433222445    3.134050972    3.134050266    3.712592685
    6.453260521    3.075298092    3.075298132    3.661381823
    6.473298597    3.017847220    3.017848089    3.610803996
    6.493336673    2.962076274    2.962078101    3.560722200
    6.513374749    2.908273460    2.908276363    3.511479993
    6.533412826    2.856740976    2.856745001    3.463858284
    6.553450902    2.807842219    2.807847283    3.418853560
    6.573488978    2.762009871    2.762015760    3.377402014
    6.593527054    2.719744753    2.719751158    3.340196635
    6.613565130    2.681594877    2.681601475    3.307638283
    6.633603206    2.648089237    2.648095762    3.279843592
    6.653641283    2.619629031    2.619635310    3.256659708
    6.673679359    2.596372199    2.596378137    3.237736311
    6.693717435    2.578157429    2.578162982    3.222678938
    6.713755511    2.564484512    2.564489658    3.211191476
    6.733793587    2.554533958    2.554538678    3.203093973
    6.753831663    2.547217245    2.547221514    3.198203613
    6.773869739    2.541275572    2.541279356    3.196181297
    6.793907816    2.535433961    2.535437208    3.196468856
    6.813945892    2.528575020    2.528577657    3.198367997
    6.833983968    2.519879989    2.519881931    3.201226800
    6.854022044    2.508903800    2.508904973    3.204643309
    6.874060120    2.495569548    2.495569931    3.208556023
    6.894098196    2.480082669    2.480082312    3.213135302
    6.914136273    2.462791407    2.462790426    3.218547906
    6.934174349    2.444053994    2.444052537    3.224766679
    6.954212425    2.424181316    2.424179526    3.231515467
    6.974250501    2.403473883    2.403471863    3.238312765
    6.994288577    2.382305798    2.382303608    3.244547652
    7.014326653    2.361193508    2.361191181    3.249548219
    7.034364729    2.340810290    2.340807860    3.252628770
    7.054402806    2.321929549    2.321927076    3.253132753
    7.074440882    2.305308534    2.305306122    3.250513304
    7.094478958    2.291552890    2.291550672    3.244470523
    7.114517034    2.280995968    2.280994086    3.235089268
    7.134555110    2.273610823    2.273609397    3.222868047
    7.154593186    2.268991025    2.268990120    3.208574838
    7.174631263    2.266440836    2.266440431    3.192994834
    7.194669339    2.265149447    2.265149417    3.176732745
    7.214707415    2.264352477    2.264352609    3.160187358
    7.234745491    2.263403442    2.263403471    3.143659615
    7.254783567    2.261760811    2.261760477    3.127443701
    7.274821643    2.258945107    2.258944197    3.111799550
    7.294859719    2.254514231    2.254512610    3.096859094
    7.314897796    2.248081599    2.248079219    3.082603203
    7.334935872    2.239366766    2.239363670    3.068973863
    7.354973948    2.228235614    2.228231922    3.056058850
    7.375012024    2.214701744    2.214697623    3.044241279
    7.395050100    2.198912062    2.198907695    3.034237064
    7.415088176    2.181157492    2.181153042    3.026989674
    7.435126253    2.161906697    2.161902288    3.023451173
    7.455164329    2.141809991    2.141805696    3.024334618
    7.475202405    2.121622711    2.121618570    3.029942566
    7.495240481    2.102056804    2.102052838    3.040149807
    7.515278557    2.083632001    2.083628230    3.054526266
    7.535316633    2.066596779    2.066593244    3.072476133
    7.555354709    2.050926993    2.050923761    3.093289920
    7.575392786    2.036362373    2.036359534    3.116152867
    7.595430862    2.022453380    2.022451034    3.140210839
    7.615468938    2.008624809    2.008623037    3.164695204
    7.635507014    1.994263437    1.994262274    3.189025890
    7.655545090    1.978800033    1.978799446    3.212841861
    7.675583166    1.961732367    1.961732251    3.235984204
    7.695621242    1.942585388    1.942585594    3.258502485
    7.715659319    1.920886222    1.920886597    3.280701355
    7.735697395    1.896227730    1.896228157    3.303134151
    7.755735471    1.868404698    1.868405121    3.326466959
    7.775773547    1.837549716    1.837550124    3.351278652
    7.795811623    1.804206093    1.804206500    3.377918198
    7.815849699    1.769289580    1.769290001    3.406463268
    7.835887776    1.733918155    1.733918594    3.436752885
    7.855925852    1.699173215    1.699173667    3.468474335
    7.875963928    1.665918310    1.665918753    3.501313218
    7.896002004    1.634749998    1.634750396    3.535143216
    7.916040080    1.606048864    1.606049173    3.570162849
    7.936078156    1.580051032    1.580051213    3.606889581
    7.956116232    1.556886134    1.556886174    3.646015491
    7.976154309    1.536576690    1.536576602    3.688184123
    7.996192385    1.519029692    1.519029507    3.733701391
    8.016230461    1.504051541    1.504051291    3.782161253
    8.036268537    1.491383222    1.491382936    3.832042864
    8.056306613    1.480728294    1.480728000    3.880493568
    8.076344689    1.471765457    1.471765193    3.923616987
    8.096382766    1.464164454    1.464164260    3.957394294
    8.116420842    1.457610744    1.457610640    3.978870443
    8.136458918    1.451818278    1.451818240    3.986921959
    8.156496994    1.446525326    1.446525272    3.982188374
    8.176535070    1.441497695    1.441497503    3.966314436
    8.196573146    1.436550073    1.436549619    3.941016159
    8.216611222    1.431560194    1.431559406    3.907481017
    8.236649299    1.426451008    1.426449894    3.866310984
    8.256687375    1.421154755    1.421153410    3.817847368
    8.276725451    1.415590841    1.415589414    3.762557476
    8.296763527    1.409664962    1.409663616    3.701267725
    8.316801603    1.403278477    1.403277347    3.635214178
    8.336839679    1.396348026    1.396347190    3.565989651
    8.356877756    1.388841775    1.388841246    3.495456230
    8.376915832    1.380819930    1.380819667    3.425600879
    8.396953908    1.372449696    1.372449628    3.358291470
    8.416991984    1.363979504    1.363979557    3.294997547
    8.437030060    1.355690344    1.355690450    3.236600208
    8.457068136    1.347848732    1.347848832    3.183369093
    8.477106212    1.340663883    1.340663921    3.135116785
    8.497144289    1.334249469    1.334249386    3.091442278
    8.517182365    1.328609330    1.328609063    3.051886981
    8.537220441    1.323656222    1.323655704    3.015889711
    8.557258517    1.319243911    1.319243087    2.982631305
    8.577296593    1.315197997    1.315196840    2.950991698
    8.597334669    1.311354455    1.311352974    2.919741163
    8.617372745    1.307610887    1.307609134    2.887873364
    8.637410822    1.303971913    1.303969967    2.854892622
    8.657448898    1.300560670    1.300558627    2.820921833
    8.677486974    1.297583889    1.297581831    2.786596586
    8.697525050    1.295267420    1.295265409    2.752815911
    8.717563126    1.293798294    1.293796375    2.720494941
    8.737601202    1.293299164    1.293297369    2.690423231
    8.757639279    1.293829579    1.293827926    2.663204716
    8.777677355    1.295388189    1.295386678    2.639205289
    8.797715431    1.297903951    1.297902564    2.618502614
    8.817753507    1.301232411    1.301231120    2.600878663
    8.837791583    1.305176403    1.305175189    2.585863546
    8.857829659    1.309529739    1.309528605    2.572821705
    8.877867735    1.314128524    1.314127491    2.561089317
    8.897905812    1.318894096    1.318893188    2.550154715
    8.917943888    1.323847715    1.323846938    2.539815488
    8.937981964    1.329079497    1.329078826    2.530216454
    8.958020040    1.334683267    1.334682649    2.521732807
    8.978058116    1.340697929    1.340697294    2.514782982
    8.998096192    1.347086320    1.347085603    2.509706263
    9.018134269    1.353752707    1.353751867    2.506754024
    9.038172345    1.360581489    1.360580519    2.506128103
    9.058210421    1.367471456    1.367470382    2.507983164
    9.078248497    1.374344889    1.374343758    2.512386069
    9.098286573    1.381137172    1.381136042    2.519296603
    9.118324649    1.387793980    1.387792903    2.528622008
    9.138362725    1.394293478    1.394292499    2.540325758
    9.158400802    1.400687127    1.400686278    2.554526314
    9.178438878    1.407131805    1.407131100    2.571532068
    9.198476954    1.413878907    1.413878345    2.591790383
    9.218515030    1.421209798    1.421209363    2.615769731
    9.238553106    1.429346111    1.429345785    2.643828475
    9.258591182    1.438378395    1.438378166    2.676117357
    9.278629259    1.448241547    1.448241415    2.712535170
    9.298667335    1.458741506    1.458741487    2.752745044
    9.318705411    1.469615618    1.469615734    2.796238350
    9.338743487    1.480599030    1.480599305    2.842398541
    9.358781563    1.491477800    1.491478254    2.890523692
    9.378819639    1.502118571    1.502119211    2.939825986
    9.398857715    1.512463995    1.512464818    2.989459540
    9.418895792    1.522497578    1.522498571    3.038580891
    9.438933868    1.532216022    1.532217173    3.086391157
    9.458971944    1.541645871    1.541647170    3.132125768
    9.479010020    1.550890039    1.550891481    3.175022832
    9.499048096    1.560158442    1.560160034    3.214340861
    9.519086172    1.569756155    1.569757908    3.249458393
    9.539124248    1.580036742    1.580038676    3.280004389
    9.559162325    1.591345009    1.591347140    3.305925501
    9.579200401    1.603966570    1.603968906    3.327437495
    9.599238477    1.618086614    1.618089139    3.344902595
    9.619276553    1.633751278    1.633753955    3.358723431
    9.639314629    1.650832866    1.650835640    3.369300979
    9.659352705    1.669020829    1.669023637    3.377054122
    9.679390782    1.687861249    1.687864023    3.382472082
    9.699428858    1.706833887    1.706836549    3.386121318
    9.719466934    1.725427285    1.725429746    3.388528958
    9.739505010    1.743185053    1.743187216    3.389985918
    9.759543086    1.759731766    1.759733538    3.390420194
    9.779581162    1.774800525    1.774801835    3.389440092
    9.799619238    1.788266570    1.788267385    3.386512480
    9.819657315    1.800173907    1.800174234    3.381175758
    9.839695391    1.810739829    1.810739712    3.373207628
    9.859733467    1.820324934    1.820324445    3.362699897
    9.879771543    1.829369313    1.829368535    3.350023122
    9.899809619    1.838317268    1.838316286    3.335703036
    9.919847695    1.847556013    1.847554903    3.320249978
    9.939885772    1.857383918    1.857382739    3.303989884
    9.959923848    1.868021413    1.868020206    3.286963799
    9.979961924    1.879657977    1.879656766    3.268959194
   10.000000000    1.892489318    1.892488112    3.249670988
