# energy grid [eV]     epsi_x  epsi_y  epsi_z
#
    0.001000000    2.453687952    3.815971042    0.000270381
    0.021038076    8.635710197    9.036504015    0.002415748
    0.041076152    8.578445634    8.330369362    0.003418814
    0.061114228    7.981737975    7.541371134    0.004227591
    0.081152305    7.358559558    6.936080251    0.004971031
    0.101190381    6.786008894    6.447389154    0.005680416
    0.121228457    6.283860510    6.024326227    0.006371973
    0.141266533    5.855190950    5.641038482    0.007058094
    0.161304609    5.495455386    5.286727949    0.007747666
    0.181342685    5.196665745    4.958185239    0.008445503
    0.201380762    4.950668385    4.656095490    0.009153263
    0.221418838    4.751883504    4.383733088    0.009871479
    0.241456914    4.598328885    4.145634475    0.010601210
    0.261494990    4.489961873    3.944932023    0.011344377
    0.281533066    4.425123024    3.780538564    0.012103129
    0.301571142    4.397044994    3.646367652    0.012879212
    0.321609218    4.391818335    3.533110422    0.013673773
    0.341647295    4.388358388    3.430915880    0.014487506
    0.361685371    4.361011002    3.331141217    0.015320853
    0.381723447    4.285267883    3.227000455    0.016174159
    0.401761523    4.145197674    3.113997891    0.017047860
    0.421799599    3.938937587    2.990291942    0.017942745
    0.441837675    3.678853011    2.856262055    0.018860187
    0.461875752    3.386225078    2.713141757    0.019802134
    0.481913828    3.083720980    2.561776759    0.020770907
    0.501951904    2.789656864    2.402688284    0.021769006
    0.521989980    2.515997481    2.237431759    0.022799069
    0.542028056    2.269276262    2.069941282    0.023863947
    0.562066132    2.052413893    1.906449944    0.024966781
    0.582104208    1.866077403    1.753860001    0.026111036
    0.602142285    1.709413798    1.617783171    0.027300493
    0.622180361    1.580527699    1.501484911    0.028539241
    0.642218437    1.476931879    1.405963895    0.029831692
    0.662256513    1.395954981    1.330647147    0.031182618
    0.682294589    1.335032403    1.274142416    0.032597216
    0.702332665    1.291866145    1.234782539    0.034081188
    0.722370741    1.264491267    1.210934725    0.035640846
    0.742408818    1.251279755    1.201132421    0.037283249
    0.762446894    1.250876598    1.204087520    0.039016390
    0.782484970    1.262067202    1.218638139    0.040849484
    0.802523046    1.283628050    1.243690859    0.042793342
    0.822561122    1.314243113    1.278195224    0.044860704
    0.842599198    1.352543106    1.321152946    0.047066420
    0.862637275    1.397269748    1.371643822    0.049427396
    0.882675351    1.447496346    1.428837542    0.051962103
    0.902713427    1.502784093    1.491961544    0.054689282
    0.922751503    1.563188234    1.560245402    0.057625724
    0.942789579    1.629131135    1.632928700    0.060783614
    0.962827655    1.701213389    1.709391249    0.064168137
    0.982865731    1.779987223    1.789311678    0.067776141
    1.002903808    1.865657282    1.872646716    0.071596944
    1.022941884    1.957712710    1.959337372    0.075616314
    1.042979960    2.054617876    2.048921380    0.079822997
    1.063018036    2.153757933    2.140358527    0.084214799
    1.083056112    2.251738621    2.232166520    0.088801027
    1.103094188    2.344948325    2.322639033    0.093601007
    1.123132265    2.430163471    2.409880424    0.098640869
    1.143170341    2.504985858    2.491694259    0.103950114
    1.163208417    2.568028308    2.565633121    0.109557211
    1.183246493    2.618899630    2.629416394    0.115483095
    1.203284569    2.658054204    2.681537305    0.121733163
    1.223322645    2.686546601    2.721652997    0.128290123
    1.243360721    2.705776681    2.750536667    0.135111209
    1.263398798    2.717325582    2.769719689    0.142133021
    1.283436874    2.722891201    2.781104080    0.149283847
    1.303474950    2.724239107    2.786722842    0.156498061
    1.323513026    2.723090038    2.788627884    0.163725920
    1.343551102    2.720953759    2.788770510    0.170936087
    1.363589178    2.719022160    2.788811690    0.178113348
    1.383627255    2.718233251    2.789967613    0.185256085
    1.403665331    2.719458585    2.793015422    0.192376581
    1.423703407    2.723634970    2.798419855    0.199504343
    1.443741483    2.731745118    2.806459556    0.206690210
    1.463779559    2.744734376    2.817351790    0.214007705
    1.483817635    2.763494419    2.831456367    0.221547642
    1.503855711    2.788905423    2.849502201    0.229402996
    1.523893788    2.821802703    2.872631772    0.237646640
    1.543931864    2.862803229    2.902158421    0.246310089
    1.563969940    2.912098014    2.939176206    0.255368454
    1.584008016    2.969376792    2.984275513    0.264732909
    1.604046092    3.033965479    3.037524111    0.274256095
    1.624084168    3.105138607    3.098711438    0.283758346
    1.644122244    3.182499065    3.167757503    0.293073798
    1.664160321    3.266293005    3.245142994    0.302102259
    1.684198397    3.357535340    3.332168305    0.310843394
    1.704236473    3.457885864    3.430872621    0.319389213
    1.724274549    3.569358792    3.543632888    0.327868545
    1.744312625    3.694069766    3.672679412    0.336365696
    1.764350701    3.834137631    3.819768635    0.344848834
    1.784388778    3.991615279    3.986058368    0.353135460
    1.804426854    4.168220161    4.172049687    0.360911346
    1.824464930    4.364756090    4.377376349    0.367811536
    1.844503006    4.580308201    4.600261752    0.373548482
    1.864541082    4.811520883    4.836766154    0.378025932
    1.884579158    5.052507986    5.080443100    0.381354329
    1.904617234    5.295848963    5.323140497    0.383747559
    1.924655311    5.534436841    5.556960908    0.385392204
    1.944693387    5.763216968    5.776412246    0.386402595
    1.964731463    5.979977203    5.979629557    0.386871961
    1.984769539    6.185154038    6.168285286    0.386934539
    2.004807615    6.381064255    6.346483644    0.386775693
    2.024845691    6.570855523    6.519187704    0.386603640
    2.044883768    6.757360524    6.690771056    0.386617099
    2.064921844    6.942019956    6.864037825    0.386979645
    2.084959920    7.124055945    7.039671361    0.387805705
    2.104997996    7.300203055    7.215993107    0.389168165
    2.125036072    7.465328132    7.389144814    0.391123405
    2.145074148    7.614013606    7.553987669    0.393732870
    2.165112224    7.742654467    7.705738490    0.397066537
    2.185150301    7.851051658    7.841652873    0.401192538
    2.205188377    7.942520692    7.961703988    0.406167838
    2.225226453    8.022459889    8.067880300    0.412041644
    2.245264529    8.096335538    8.162836400    0.418869237
    2.265302605    8.168226095    8.248982750    0.426720446
    2.285340681    8.240497265    8.328488628    0.435669164
    2.305378758    8.314497359    8.403860342    0.445768485
    2.325416834    8.391706840    8.478437841    0.457031607
    2.345454910    8.474603579    8.556406488    0.469434980
    2.365492986    8.566709670    8.642335712    0.482944213
    2.385531062    8.671834880    8.740485480    0.497552180
    2.405569138    8.793042142    8.854143512    0.513315128
    2.425607214    8.931903292    8.985154692    0.530372487
    2.445645291    9.088265620    9.133699557    0.548942805
    2.465683367    9.260486712    9.298392055    0.569302259
    2.485721443    9.446063894    9.476769038    0.591762212
    2.505759519    9.642497389    9.666043688    0.616658172
    2.525797595    9.848017212    9.863798827    0.644348845
    2.545835671   10.061730768   10.068341945    0.675213904
    2.565873747   10.283007405   10.278618130    0.709640366
    2.585911824   10.510468720   10.493785866    0.747994187
    2.605949900   10.741350181   10.712748756    0.790573708
    2.625987976   10.971691597   10.933893750    0.837539526
    2.646026052   11.197005929   11.154985853    0.888828688
    2.666064128   11.412687167   11.372953518    0.944086208
    2.686102204   11.613871908   11.583440759    1.002655947
    2.706140281   11.795149393   11.780391465    1.063647713
    2.726178357   11.950704724   11.956235504    1.126055324
    2.746216433   12.075136292   12.103081387    1.188875959
    2.766254509   12.164640487   12.214573288    1.251196012
    2.786292585   12.217862247   12.287309030    1.312247942
    2.806330661   12.235801521   12.320836620    1.371451697
    2.826368737   12.220739805   12.316312313    1.428412719
    2.846406814   12.174756043   12.274838840    1.482836622
    2.866444890   12.098595453   12.196487334    1.534398969
    2.886482966   11.991370199   12.080379527    1.582689295
    2.906521042   11.851150657   11.925630529    1.627323082
    2.926559118   11.676250873   11.732634265    1.668186642
    2.946597194   11.466751881   11.504064870    1.705639649
    2.966635271   11.225528592   11.245122108    1.740486144
    2.986673347   10.958267683   10.962999250    1.773682379
    3.006711423   10.672641539   10.665961281    1.805935173
    3.026749499   10.377139954   10.362410924    1.837402590
    3.046787575   10.079912645   10.060068239    1.867638364
    3.066825651    9.787855656    9.765301457    1.895798147
    3.086863727    9.506154602    9.482741869    1.921012158
    3.106901804    9.238317534    9.215318164    1.942766041
    3.126939880    8.986472220    8.964624632    1.961120402
    3.146977956    8.751675331    8.731319680    1.976650376
    3.167016032    8.534162344    8.515333480    1.990135509
    3.187054108    8.333589510    8.315976633    2.002199545
    3.207092184    8.149315221    8.132188393    2.013114153
    3.227130261    7.980707630    7.962960696    2.022821598
    3.247168337    7.827397567    7.807742633    2.031085741
    3.267206413    7.689366272    7.666641043    2.037674881
    3.287244489    7.566780066    7.540324037    2.042534069
    3.307282565    7.459580322    7.429590647    2.045905038
    3.327320641    7.366998484    7.334708060    2.048326625
    3.347358717    7.287272604    7.254806395    2.050495816
    3.367396794    7.217781525    7.187658383    2.053070455
    3.387434870    7.155600684    7.129994765    2.056525814
    3.407472946    7.098239504    7.078258927    2.061112374
    3.427511022    7.044202129    7.029511591    2.066892741
    3.447549098    6.993118664    6.982103555    2.073806806
    3.467587174    6.945446086    6.935812228    2.081714207
    3.487625251    6.901927891    6.891390712    2.090395219
    3.507663327    6.863010022    6.849757319    2.099536197
    3.527701403    6.828336806    6.811201165    2.108739375
    3.547739479    6.796471065    6.774966193    2.117571884
    3.567777555    6.765053398    6.739414920    2.125636096
    3.587815631    6.731475058    6.702669184    2.132633168
    3.607853707    6.693748545    6.663326628    2.138406134
    3.627891784    6.651038734    6.620826723    2.142963676
    3.647929860    6.603622052    6.575368237    2.146485429
    3.667967936    6.552542233    6.527654798    2.149306532
    3.688006012    6.499323521    6.478762246    2.151867630
    3.708044088    6.445807364    6.430125010    2.154605583
    3.728082164    6.393994742    6.383467821    2.157810638
    3.748120240    6.345863340    6.340624699    2.161548534
    3.768158317    6.303219160    6.303320485    2.165708100
    3.788196393    6.267572183    6.272959899    2.170115096
    3.808234469    6.239953981    6.250399079    2.174616470
    3.828272545    6.220673848    6.235711211    2.179110370
    3.848310621    6.209134447    6.228052085    2.183553787
    3.868348697    6.203840717    6.225744077    2.187964749
    3.888386774    6.202634209    6.226587124    2.192404871
    3.908424850    6.203073471    6.228267911    2.196935653
    3.928462926    6.202844357    6.228706040    2.201573188
    3.948501002    6.200101807    6.226269764    2.206270302
    3.968539078    6.193669764    6.219897098    2.210929624
    3.988577154    6.183069886    6.209163229    2.215435325
    4.008615230    6.168397616    6.194262149    2.219697889
    4.028653307    6.150094789    6.175842660    2.223713355
    4.048691383    6.128715780    6.154727707    2.227626854
    4.068729459    6.104804095    6.131654588    2.231774514
    4.088767535    6.078914395    6.107171284    2.236686116
    4.108805611    6.051704274    6.081701350    2.243051569
    4.128843687    6.023977862    6.055651153    2.251657413
    4.148881764    5.996593018    6.029402798    2.263293912
    4.168919840    5.970235278    6.003151591    2.278644453
    4.188957916    5.945183934    5.976719671    2.298189012
    4.208995992    5.921229116    5.949541128    2.322153925
    4.229034068    5.897786703    5.920889370    2.350522186
    4.249072144    5.874120462    5.890223076    2.383100097
    4.269110220    5.849533144    5.857436918    2.419613838
    4.289148297    5.823432793    5.822864098    2.459790801
    4.309186373    5.795284574    5.787024076    2.503394552
    4.329224449    5.764553439    5.750266093    2.550226991
    4.349262525    5.730731721    5.712539753    2.600136983
    4.369300601    5.693456790    5.673452419    2.653048881
    4.389338677    5.652676835    5.632584644    2.708983250
    4.409376754    5.608807231    5.589855772    2.768037311
    4.429414830    5.562770287    5.545686585    2.830320830
    4.449452906    5.515807806    5.500837576    2.895867666
    4.469490982    5.469097581    5.456027901    2.964551523
    4.489529058    5.423378383    5.411591393    3.036029543
    4.509567134    5.378793847    5.367378589    3.109718288
    4.529605210    5.335002522    5.322922938    3.184794734
    4.549643287    5.291442815    5.277731672    3.260225077
    4.569681363    5.247608084    5.231542201    3.334827027
    4.589719439    5.203240796    5.184454837    3.407351697
    4.609757515    5.158399213    5.136915992    3.476565968
    4.629795591    5.113382029    5.089568602    3.541352075
    4.649833667    5.068553597    5.043029261    3.600863844
    4.669871743    5.024159759    4.997680425    3.654720945
    4.689909820    4.980210539    4.953558834    3.703141124
    4.709947896    4.936446723    4.910362835    3.746931426
    4.729985972    4.892369118    4.867529059    3.787372372
    4.750024048    4.847327089    4.824329336    3.826086897
    4.770062124    4.800680907    4.779994487    3.864934609
    4.790100200    4.751999456    4.733870039    3.905906149
    4.810138277    4.701188452    4.685558415    3.950983120
    4.830176353    4.648471301    4.634994473    4.001958754
    4.850214429    4.594253250    4.582438711    4.060255909
    4.870252505    4.538989650    4.528413612    4.126810680
    4.890290581    4.483161134    4.473628410    4.202066870
    4.910328657    4.427333874    4.418911376    4.286052409
    4.930366733    4.372189275    4.365122580    4.378466987
    4.950404810    4.318460203    4.313026492    4.478743344
    4.970442886    4.266819316    4.263159699    4.586082586
    4.990480962    4.217784005    4.215761559    4.699445302
    5.010519038    4.171656156    4.170812364    4.817476722
    5.030557114    4.128486531    4.128143988    4.938420410
    5.050595190    4.088052089    4.087507484    5.060132523
    5.070633267    4.049847802    4.048517564    5.180242189
    5.090671343    4.013098470    4.010530109    5.296389069
    5.110709419    3.976783628    3.972581460    5.406447695
    5.130747495    3.939677529    3.933457831    5.508717730
    5.150785571    3.900424576    3.891850270    5.602089019
    5.170823647    3.857658236    3.846498923    5.686130444
    5.190861723    3.810147681    3.796292237    5.761018214
    5.210899800    3.756930709    3.740363729    5.827288428
    5.230937876    3.697376188    3.678199018    5.885497527
    5.250975952    3.631177220    3.609703033    5.935926333
    5.271014028    3.558368675    3.535208892    5.978430925
    5.291052104    3.479444814    3.455478655    6.012425779
    5.311090180    3.395508740    3.371721291    6.036868192
    5.331128257    3.308288019    3.285566125    6.050132957
    5.351166333    3.219929705    3.198923311    6.049856845
    5.371204409    3.132647978    3.113748404    6.033016078
    5.391242485    3.048378475    3.031798339    5.996456191
    5.411280561    2.968572589    2.954469208    5.937803135
    5.431318637    2.894184700    2.882753705    5.856345106
    5.451356713    2.825802750    2.817289004    5.753403470
    5.471394790    2.763814972    2.758441908    5.632045484
    5.491432866    2.708527065    2.706398743    5.496421558
    5.511470942    2.660200395    2.661238699    5.351122015
    5.531509018    2.619024663    2.622966101    5.200731138
    5.551547094    2.585057928    2.591498195    5.049524683
    5.571585170    2.558174859    2.566642068    4.901218831
    5.591623246    2.538062402    2.548099600    4.758763403
    5.611661323    2.524271913    2.535501614    4.624223615
    5.631699399    2.516290829    2.528433864    4.498776232
    5.651737475    2.513584943    2.526420033    4.382811831
    5.671775551    2.515592062    2.528864493    4.276098870
    5.691813627    2.521682111    2.534997367    4.177950443
    5.711851703    2.531119967    2.543880865    4.087395366
    5.731889780    2.543065287    2.554504716    4.003410310
    5.751927856    2.556612088    2.565930450    3.925188767
    5.771965932    2.570839749    2.577402422    3.852303983
    5.792004008    2.584852052    2.588366062    3.784662282
    5.812042084    2.597814525    2.598400212    3.722308878
    5.832080160    2.609016391    2.607135022    3.665239107
    5.852118236    2.617950268    2.614234367    3.613297619
    5.872156313    2.624356760    2.619450881    3.566128885
    5.892194389    2.628190023    2.622680389    3.523116621
    5.912232465    2.629523447    2.623941439    3.483325380
    5.932270541    2.628459881    2.623285878    3.445522343
    5.952308617    2.625098567    2.620716566    3.408317195
    5.972346693    2.619561580    2.616173630    3.370359822
    5.992384770    2.612034560    2.609584738    3.330503828
    6.012422846    2.602767648    2.600933669    3.287906711
    6.032460922    2.592023673    2.590302054    3.242099644
    6.052498998    2.580010498    2.577860643    3.193038596
    6.072537074    2.566842211    2.563817789    3.141090904
    6.092575150    2.552543068    2.548361032    3.086932549
    6.112613226    2.537075646    2.531623040    3.031418232
    6.132651303    2.520358968    2.513665254    2.975498251
    6.152689379    2.502258797    2.494457761    2.920173106
    6.172727455    2.482574949    2.473863616    2.866432968
    6.192765531    2.461059037    2.451649815    2.815161719
    6.212803607    2.437447621    2.427518529    2.767011246
    6.232841683    2.411467122    2.401135504    2.722270097
    6.252879760    2.382807526    2.372154202    2.680793075
    6.272917836    2.351103989    2.340246764    2.642052638
    6.292955912    2.315955193    2.305137258    2.605283215
    6.312993988    2.276984001    2.266629391    2.569622424
    6.333032064    2.233930713    2.224632398    2.534201523
    6.353070140    2.186741893    2.179180535    2.498232544
    6.373108216    2.135601783    2.130427641    2.461139032
    6.393146293    2.080892661    2.078616772    2.422682210
    6.413184369    2.023130095    2.024053197    2.382987375
    6.433222445    1.962916808    1.967096198    2.342440464
    6.453260521    1.900901556    1.908149705    2.301517933
    6.473298597    1.837708945    1.847629461    2.260645963
    6.493336673    1.773854510    1.785918865    2.220151667
    6.513374749    1.709703309    1.723350534    2.180304369
    6.533412826    1.645506212    1.660232123    2.141394051
    6.553450902    1.581487707    1.596894833    2.103790603
    6.573488978    1.517927430    1.533727256    2.067960173
    6.593527054    1.455192266    1.471175045    2.034444116
    6.613565130    1.393712448    1.409711032    2.003815237
    6.633603206    1.333928104    1.349794869    1.976627416
    6.653641283    1.276244054    1.291844228    1.953371764
    6.673679359    1.221011250    1.236226059    1.934436522
    6.693717435    1.168523088    1.183254794    1.920053863
    6.713755511    1.119006739    1.133179421    1.910235956
    6.733793587    1.072606804    1.086160375    1.904737109
    6.753831663    1.029372849    1.042254467    1.903075905
    6.773869739    0.989258389    1.001418968    1.904609800
    6.793907816    0.952130319    0.963528903    1.908623484
    6.813945892    0.917787578    0.928399548    1.914401247
    6.833983968    0.885990870    0.895814544    1.921276088
    6.854022044    0.856501753    0.865558986    1.928645221
    6.874060120    0.829118871    0.837446818    1.935940391
    6.894098196    0.803692087    0.811328664    1.942579836
    6.914136273    0.780105593    0.787077175    1.947956030
    6.934174349    0.758245067    0.764563577    1.951473068
    6.954212425    0.737975187    0.743643598    1.952588933
    6.974250501    0.719138239    0.724158097    1.950818181
    6.994288577    0.701563598    0.705939890    1.945699065
    7.014326653    0.685076204    0.688819768    1.936772394
    7.034364729    0.669503942    0.672634237    1.923625999
    7.054402806    0.654687639    0.657237623    1.906010729
    7.074440882    0.640492108    0.642513665    1.883966731
    7.094478958    0.626813643    0.628379752    1.857885294
    7.114517034    0.613579667    0.614781853    1.828477336
    7.134555110    0.600738637    0.601682644    1.796667296
    7.154593186    0.588244387    0.589046344    1.763451478
    7.174631263    0.576043808    0.576824365    1.729761946
    7.194669339    0.564074528    0.564947575    1.696367663
    7.214707415    0.552272547    0.553330165    1.663826562
    7.234745491    0.540584615    0.541884630    1.632480052
    7.254783567    0.528979195    0.530540796    1.602465643
    7.274821643    0.517452738    0.519259225    1.573730709
    7.294859719    0.506031589    0.508034142    1.546061952
    7.314897796    0.494770199    0.496889394    1.519162256
    7.334935872    0.483744110    0.485872341    1.492772595
    7.354973948    0.473036716    0.475045599    1.466788447
    7.375012024    0.462722145    0.464475536    1.441320366
    7.395050100    0.452848539    0.454220267    1.416689307
    7.415088176    0.443425865    0.444320951    1.393378975
    7.435126253    0.434421665    0.434797261    1.371966333
    7.455164329    0.425766917    0.425645728    1.353034101
    7.475202405    0.417372098    0.416841013    1.337069690
    7.495240481    0.409150042    0.408342284    1.324374966
    7.515278557    0.401037945    0.400105266    1.315016019
    7.535316633    0.393009055    0.392095037    1.308819786
    7.555354709    0.385069122    0.384291627    1.305402193
    7.575392786    0.377240850    0.376684239    1.304215497
    7.595430862    0.369545165    0.369258339    1.304615091
    7.615468938    0.361988719    0.361986386    1.305940067
    7.635507014    0.354562938    0.354830389    1.307589646
    7.655545090    0.347252413    0.347753733    1.309082271
    7.675583166    0.340045012    0.340732250    1.310091757
    7.695621242    0.332937326    0.333757735    1.310454770
    7.715659319    0.325934631    0.326834781    1.310150861
    7.735697395    0.319048065    0.319975496    1.309264570
    7.755735471    0.312291200    0.313195563    1.307930030
    7.775773547    0.305677181    0.306513209    1.306251779
    7.795811623    0.299217824    0.299950965    1.304221020
    7.815849699    0.292924822    0.293537465    1.301672082
    7.835887776    0.286810924    0.287305266    1.298303157
    7.855925852    0.280889480    0.281284666    1.293744751
    7.875963928    0.275173651    0.275498799    1.287646027
    7.896002004    0.269677294    0.269964425    1.279757903
    7.916040080    0.264416584    0.264696359    1.269988059
    7.936078156    0.259409046    0.259709393    1.258397641
    7.956116232    0.254668809    0.255014821    1.245144046
    7.976154309    0.250200928    0.250615124    1.230423060
    7.996192385    0.245998881    0.246502392    1.214456261
    8.016230461    0.242047217    0.242662095    1.197509715
    8.036268537    0.238327366    0.239078421    1.179891480
    8.056306613    0.234822249    0.235736266    1.161898453
    8.076344689    0.231516968    0.232618985    1.143734341
    8.096382766    0.228396931    0.229705151    1.125443182
    8.116420842    0.225446214    0.226967340    1.106884601
    8.136458918    0.222647028    0.224372975    1.087750636
    8.156496994    0.219979221    0.221886055    1.067614969
    8.176535070    0.217419190    0.219469471    1.046009948
    8.196573146    0.214939033    0.217087639    1.022527735
    8.216611222    0.212507084    0.214708065    0.996928254
    8.236649299    0.210089692    0.212300762    0.969217324
    8.256687375    0.207653313    0.209836736    0.939659242
    8.276725451    0.205166048    0.207287728    0.908717738
    8.296763527    0.202598068    0.204627440    0.876948321
    8.316801603    0.199920410    0.201832152    0.844870816
    8.336839679    0.197101869    0.198878758    0.812853866
    8.356877756    0.194104918    0.195740708    0.781054033
    8.376915832    0.190883738    0.192384546    0.749440389
    8.396953908    0.187387800    0.188769642    0.717887896
    8.416991984    0.183571464    0.184852695    0.686279467
    8.437030060    0.179406312    0.180597714    0.654563586
    8.457068136    0.174891236    0.175989569    0.622762738
    8.477106212    0.170055875    0.171045209    0.590963357
    8.497144289    0.164955719    0.165815756    0.559312245
    8.517182365    0.159660884    0.160377699    0.528018952
    8.537220441    0.154242739    0.154817071    0.497348112
    8.557258517    0.148762389    0.149212030    0.467589052
    8.577296593    0.143264545    0.143619507    0.439006704
    8.597334669    0.137779661    0.138072117    0.411795643
    8.617372745    0.132332775    0.132587061    0.386062315
    8.637410822    0.126952261    0.127180404    0.361842595
    8.657448898    0.121673337    0.121877655    0.339136522
    8.677486974    0.116537307    0.116716829    0.317933521
    8.697525050    0.111588994    0.111744768    0.298216734
    8.717563126    0.106872101    0.107008722    0.279955427
    8.737601202    0.102422275    0.102546511    0.263099084
    8.757639279    0.098261119    0.098379971    0.247578474
    8.777677355    0.094395005    0.094514495    0.233311682
    8.797715431    0.090818583    0.090943227    0.220210848
    8.817753507    0.087519381    0.087652010    0.208185991
    8.837791583    0.084480779    0.084622650    0.197145492
    8.857829659    0.081683404    0.081834550    0.186996465
    8.877867735    0.079106161    0.079265813    0.177647896
    8.897905812    0.076727505    0.076894375    0.169015565
    8.917943888    0.074526826    0.074699141    0.161025852
    8.937981964    0.072485625    0.072660988    0.153617123
    8.958020040    0.070588169    0.070763476    0.146739423
    8.978058116    0.068821396    0.068993055    0.140352996
    8.998096192    0.067174149    0.067338615    0.134425343
    9.018134269    0.065636192    0.065790566    0.128927221
    9.038172345    0.064197553    0.064339970    0.123829373
    9.058210421    0.062848443    0.062978192    0.119101392
    9.078248497    0.061579641    0.061697048    0.114712503
    9.098286573    0.060382952    0.060489115    0.110633120
    9.118324649    0.059251432    0.059347872    0.106836088
    9.138362725    0.058179294    0.058267604    0.103297161
    9.158400802    0.057161609    0.057243210    0.099994759
    9.178438878    0.056193990    0.056270019    0.096909362
    9.198476954    0.055272380    0.055343691    0.094022880
    9.218515030    0.054392955    0.054460173    0.091318250
    9.238553106    0.053552123    0.053615712    0.088779332
    9.258591182    0.052746565    0.052806881    0.086391008
    9.278629259    0.051973269    0.052030594    0.084139360
    9.298667335    0.051229533    0.051284102    0.082011790
    9.318705411    0.050512962    0.050564975    0.079997043
    9.338743487    0.049821436    0.049871070    0.078085147
    9.358781563    0.049153085    0.049200495    0.076267298
    9.378819639    0.048506253    0.048551577    0.074535726
    9.398857715    0.047879470    0.047922835    0.072883564
    9.418895792    0.047271427    0.047312948    0.071304723
    9.438933868    0.046680954    0.046720734    0.069793784
    9.458971944    0.046106999    0.046145133    0.068345908
    9.479010020    0.045548613    0.045585190    0.066956751
    9.499048096    0.045004938    0.045040038    0.065622404
    9.519086172    0.044475193    0.044508890    0.064339334
    9.539124248    0.043958665    0.043991028    0.063104333
    9.559162325    0.043454704    0.043485797    0.061914486
    9.579200401    0.042962710    0.042992593    0.060767129
    9.599238477    0.042482132    0.042510860    0.059659824
    9.619276553    0.042012462    0.042040086    0.058590333
    9.639314629    0.041553228    0.041579797    0.057556596
    9.659352705    0.041103992    0.041129552    0.056556713
    9.679390782    0.040664349    0.040688942    0.055588928
    9.699428858    0.040233919    0.040257584    0.054651613
    9.719466934    0.039812347    0.039835122    0.053743257
    9.739505010    0.039399301    0.039421222    0.052862456
    9.759543086    0.038994472    0.039015571    0.052007901
    9.779581162    0.038597565    0.038617875    0.051178371
    9.799619238    0.038208307    0.038227857    0.050372725
    9.819657315    0.037826439    0.037845257    0.049589895
    9.839695391    0.037451715    0.037469828    0.048828879
    9.859733467    0.037083905    0.037101338    0.048088739
    9.879771543    0.036722790    0.036739567    0.047368592
    9.899809619    0.036368162    0.036384306    0.046667607
    9.919847695    0.036019825    0.036035357    0.045985002
    9.939885772    0.035677592    0.035692533    0.045320040
    9.959923848    0.035341285    0.035355655    0.044672024
    9.979961924    0.035010735    0.035024553    0.044040296
   10.000000000    0.034685782    0.034699064    0.043424235
