# energy grid [eV]     epsr_x  epsr_y  epsr_z
#
    0.001000000-8552.445234721***************    0.694375523
    0.021038076   -1.615013082    2.601169869    4.931518996
    0.041076152   10.733217625   15.995442474    4.933778751
    0.061114228   12.307074206   16.994127032    4.933223442
    0.081152305   12.467734274   16.614304811    4.932853928
    0.101190381   12.303661125   16.016662707    4.932764173
    0.121228457   12.064758369   15.430430501    4.932942550
    0.141266533   11.829179059   14.907251654    4.933377498
    0.161304609   11.618967315   14.438410482    4.934053601
    0.181342685   11.432027888   13.987695727    4.934955298
    0.201380762   11.256595943   13.509700878    4.936076384
    0.221418838   11.080190023   12.964189023    4.937424741
    0.241456914   10.895638427   12.329536693    4.939017594
    0.261494990   10.704943538   11.615262158    4.940871978
    0.281533066   10.520128308   10.867170004    4.942998231
    0.301571142   10.359476641   10.156197597    4.945399007
    0.321609218   10.240177670    9.552525886    4.948071152
    0.341647295   10.171801806    9.100665285    4.951008269
    0.361685371   10.154402008    8.810629864    4.954203901
    0.381723447   10.181005062    8.665767880    4.957654434
    0.401761523   10.241561957    8.636869779    4.961359466
    0.421799599   10.325902180    8.693258630    4.965318911
    0.441837675   10.425015413    8.808209607    4.969529081
    0.461875752   10.531127754    8.960322876    4.973980362
    0.481913828   10.637251719    9.132981781    4.978656868
    0.501951904   10.736716059    9.313116199    4.983537125
    0.521989980   10.823002046    9.489843877    4.988595295
    0.542028056   10.890066284    9.653383377    4.993803269
    0.562066132   10.933162127    9.794625223    4.999133790
    0.582104208   10.949984932    9.905659217    5.004564075
    0.602142285   10.941755264    9.981242580    5.010078560
    0.622180361   10.913556278   10.020607402    5.015668362
    0.642218437   10.873131657   10.028383964    5.021324911
    0.662256513   10.828057427   10.013379455    5.027028097
    0.682294589   10.782469940    9.984972863    5.032732824
    0.702332665   10.735014366    9.948534887    5.038357249
    0.722370741   10.678904294    9.902233567    5.043773141
    0.742408818   10.604014258    9.837033602    5.048800371
    0.762446894   10.500475908    9.740308650    5.053211704
    0.782484970   10.362847824    9.602082191    5.056753020
    0.802523046   10.193301996    9.421459502    5.059179576
    0.822561122   10.002156147    9.209758925    5.060308169
    0.842599198    9.805286911    8.987982061    5.060083747
    0.862637275    9.619794706    8.779956620    5.058645844
    0.882675351    9.459897532    8.605302929    5.056357289
    0.902713427    9.334233797    8.475437036    5.053751145
    0.922751503    9.245099474    8.393127729    5.051394407
    0.942789579    9.189638497    8.354485003    5.049736623
    0.962827655    9.162105528    8.351843482    5.049025456
    0.982865731    9.156026856    8.376349122    5.049309957
    1.002903808    9.165712889    8.419787878    5.050496149
    1.022941884    9.187099671    8.475653829    5.052416341
    1.042979960    9.217944891    8.539501268    5.054890875
    1.063018036    9.257444264    8.608693357    5.057770679
    1.083056112    9.305533168    8.681854093    5.060956291
    1.103094188    9.362220557    8.758334065    5.064398436
    1.123132265    9.427146565    8.837780868    5.068090554
    1.143170341    9.499363335    8.919785942    5.072059976
    1.163208417    9.577322946    9.003674050    5.076358042
    1.183246493    9.659118834    9.088548472    5.081047587
    1.203284569    9.742929301    9.173542284    5.086186673
    1.223322645    9.827413367    9.258072348    5.091810925
    1.243360721    9.911812239    9.341957150    5.097923673
    1.263398798    9.995771808    9.425391790    5.104502234
    1.283436874   10.079111135    9.508782098    5.111515159
    1.303474950   10.161680321    9.592426500    5.118934040
    1.323513026   10.243237123    9.676126467    5.126730886
    1.343551102   10.323224308    9.758909658    5.134869815
    1.363589178   10.400489548    9.839034382    5.143306362
    1.383627255   10.473165432    9.914327435    5.151994943
    1.403665331   10.538936978    9.982776381    5.160895050
    1.423703407   10.595703390   10.043180067    5.169971491
    1.443741483   10.642309035   10.095575106    5.179192936
    1.463779559   10.678872167   10.141212534    5.188534969
    1.483817635   10.706499029   10.182085796    5.197988190
    1.503855711   10.726647065   10.220187480    5.207563669
    1.523893788   10.740636282   10.256713846    5.217286680
    1.543931864   10.749615190   10.291545675    5.227181600
    1.563969940   10.754900651   10.323409568    5.237263522
    1.584008016   10.758308886   10.350769868    5.247544366
    1.604046092   10.762051342   10.372880061    5.258040832
    1.624084168   10.768132672   10.390240436    5.268771056
    1.644122244   10.777691446   10.404240126    5.279745282
    1.664160321   10.790762561   10.416489196    5.290959803
    1.684198397   10.806519993   10.428515146    5.302391375
    1.704236473   10.823752185   10.441969799    5.313988751
    1.724274549   10.841320152   10.458928292    5.325669988
    1.744312625   10.858406964   10.481758143    5.337334455
    1.764350701   10.874405512   10.512308024    5.348884691
    1.784388778   10.888454730   10.550691787    5.360248833
    1.804426854   10.898884892   10.594407971    5.371402404
    1.824464930   10.902895927   10.638374697    5.382387739
    1.844503006   10.896664726   10.675816170    5.393320075
    1.864541082   10.876014525   10.699621549    5.404370024
    1.884579158   10.837664955   10.703973806    5.415723579
    1.904617234   10.780646019   10.686007626    5.427532529
    1.924655311   10.707033025   10.646819037    5.439876041
    1.944693387   10.621419441   10.591150795    5.452751027
    1.964731463   10.529451316   10.525853627    5.466091721
    1.984769539   10.436339024   10.457952595    5.479802091
    2.004807615   10.345989447   10.393243676    5.493784753
    2.024845691   10.260806894   10.335938823    5.507961854
    2.044883768   10.181936960   10.289102478    5.522287804
    2.064921844   10.109811712   10.255000879    5.536750098
    2.084959920   10.044914500   10.234833532    5.551356403
    2.104997996    9.988446388   10.228265908    5.566114853
    2.125036072    9.942334904   10.233473570    5.581019129
    2.145074148    9.908333725   10.247801638    5.596044551
    2.165112224    9.886780303   10.268550314    5.611154417
    2.185150301    9.876008518   10.293395935    5.626314176
    2.205188377    9.872837479   10.320332368    5.641507553
    2.225226453    9.873666090   10.347378456    5.656744062
    2.245264529    9.875434389   10.372404527    5.672051337
    2.265302605    9.876016786   10.393255465    5.687455950
    2.285340681    9.874012571   10.408066819    5.702964184
    2.305378758    9.868225336   10.415510095    5.718555577
    2.325416834    9.857278605   10.414789933    5.734192289
    2.345454910    9.839629665   10.405422534    5.749831685
    2.365492986    9.813870386   10.386928071    5.765428808
    2.385531062    9.779018455   10.358594102    5.780933042
    2.405569138    9.734578313   10.319461775    5.796292870
    2.425607214    9.680348077   10.268506578    5.811469172
    2.445645291    9.616156038   10.204700587    5.826444446
    2.465683367    9.541728878   10.126648840    5.841225552
    2.485721443    9.456667012   10.031971992    5.855852372
    2.505759519    9.360365591    9.917133402    5.870416967
    2.525797595    9.251854922    9.778251041    5.885075435
    2.545835671    9.129667515    9.612536658    5.900024352
    2.565873747    8.991805140    9.419325325    5.915432401
    2.585911824    8.835858786    9.199989674    5.931356688
    2.605949900    8.659400308    8.956987080    5.947700664
    2.625987976    8.460690038    8.692878276    5.964256852
    2.646026052    8.239414295    8.409923126    5.980822782
    2.666064128    7.996916415    8.110242811    5.997321546
    2.686102204    7.735641386    7.796208954    6.013848610
    2.706140281    7.458156117    7.470768952    6.030620804
    2.726178357    7.166466367    7.137545098    6.047884083
    2.746216433    6.862015005    6.800670988    6.065868196
    2.766254509    6.546145618    6.464467792    6.084821647
    2.786292585    6.220590210    6.133075345    6.105076071
    2.806330661    5.887728002    5.810050635    6.127061921
    2.826368737    5.550640971    5.497924567    6.151242170
    2.846406814    5.213133405    5.197793754    6.177990256
    2.866444890    4.879791464    4.909130917    6.207467133
    2.886482966    4.555912979    4.630009881    6.239549061
    2.906521042    4.247057619    4.357790726    6.273831468
    2.926559118    3.958229610    4.090112761    6.309697139
    2.946597194    3.693027208    3.825879713    6.346412220
    2.966635271    3.453147011    3.565858630    6.383213539
    2.986673347    3.238433501    3.312685100    6.419367697
    3.006711423    3.047421626    3.070351394    6.454206833
    3.026749499    2.878149096    2.843392049    6.487163199
    3.046787575    2.728898560    2.636018896    6.517815205
    3.066825651    2.598555603    2.451500439    6.545933003
    3.086863727    2.486544357    2.291966041    6.571502999
    3.106901804    2.392588545    2.158531247    6.594719998
    3.126939880    2.316510714    2.051477719    6.615945718
    3.146977956    2.258045031    1.970306450    6.635636757
    3.167016032    2.216574203    1.913667753    6.654247880
    3.187054108    2.190862348    1.879298793    6.672125759
    3.207092184    2.178959099    1.864114030    6.689423387
    3.227130261    2.178323280    1.864496848    6.706068007
    3.247168337    2.186034282    1.876700031    6.721790046
    3.267206413    2.198976183    1.897223668    6.736177731
    3.287244489    2.214034048    1.923125819    6.748707848
    3.307282565    2.228382879    1.952270685    6.758751656
    3.327320641    2.239823297    1.983445981    6.765615523
    3.347358717    2.247004982    2.016238839    6.768663618
    3.367396794    2.249418572    2.050687046    6.767492409
    3.387434870    2.247163381    2.086869622    6.762069408
    3.407472946    2.240591205    2.124571047    6.752760101
    3.427511022    2.229978550    2.163043735    6.740229093
    3.447549098    2.215392717    2.200888603    6.725272645
    3.467587174    2.196823509    2.236120794    6.708675681
    3.487625251    2.174470140    2.266434276    6.691152845
    3.507663327    2.148953364    2.289552298    6.673345849
    3.527701403    2.121274940    2.303518572    6.655796786
    3.547739479    2.092536027    2.306877106    6.638868821
    3.567777555    2.063610361    2.298770319    6.622674873
    3.587815631    2.034979786    2.279003729    6.607078265
    3.607853707    2.006783797    2.248108554    6.591751954
    3.627891784    1.979009641    2.207361232    6.576244779
    3.647929860    1.951722638    2.158656044    6.560048946
    3.667967936    1.925193680    2.104204826    6.542704020
    3.688006012    1.899785581    2.046188129    6.523935250
    3.708044088    1.875665435    1.986525852    6.503762279
    3.728082164    1.852623511    1.926860272    6.482527898
    3.748120240    1.830180176    1.868704398    6.460863391
    3.768158317    1.807846537    1.813543521    6.439615534
    3.788196393    1.785261490    1.762675847    6.419716340
    3.808234469    1.762100190    1.716853536    6.401990326
    3.828272545    1.737900486    1.676036138    6.386968822
    3.848310621    1.712013489    1.639455880    6.374799973
    3.868348697    1.683747004    1.605906058    6.365278866
    3.888386774    1.652608546    1.574081606    6.357966101
    3.908424850    1.618491087    1.542887787    6.352354942
    3.928462926    1.581694982    1.511655266    6.348047079
    3.948501002    1.542784535    1.480174916    6.344879533
    3.968539078    1.502370467    1.448529068    6.342940897
    3.988577154    1.460949861    1.416824460    6.342469707
    4.008615230    1.418883152    1.384989985    6.343713814
    4.028653307    1.376454147    1.352728671    6.346857037
    4.048691383    1.333874799    1.319596816    6.352050372
    4.068729459    1.291180588    1.285152917    6.359490142
    4.088767535    1.248129519    1.249149094    6.369458990
    4.108805611    1.204260916    1.211706274    6.382295715
    4.128843687    1.159125919    1.173352743    6.398323589
    4.148881764    1.112529786    1.134850993    6.417790934
    4.168919840    1.064618311    1.096891691    6.440849078
    4.188957916    1.015786966    1.059833862    6.467542969
    4.208995992    0.966522233    1.023613846    6.497784699
    4.229034068    0.917294618    0.987825288    6.531329785
    4.249072144    0.868539238    0.951901866    6.567799491
    4.269110220    0.820687049    0.915325154    6.606753523
    4.289148297    0.774211287    0.877805675    6.647775482
    4.309186373    0.729669931    0.839389751    6.690529347
    4.329224449    0.687702701    0.800433704    6.734758593
    4.349262525    0.648937997    0.761447983    6.780219689
    4.369300601    0.613829926    0.722922297    6.826585331
    4.389338677    0.582515900    0.685254803    6.873391066
    4.409376754    0.554777945    0.648792029    6.920068470
    4.429414830    0.530113895    0.613885000    6.966031047
    4.449452906    0.507853565    0.580883950    7.010752049
    4.469490982    0.487255557    0.550067871    7.053809344
    4.489529058    0.467578030    0.521552106    7.094893334
    4.509567134    0.448152431    0.495230526    7.133761626
    4.529605210    0.428469668    0.470804622    7.170138991
    4.549643287    0.408247436    0.447912716    7.203616210
    4.569681363    0.387438418    0.426287353    7.233627966
    4.589719439    0.366185796    0.405819330    7.259543763
    4.609757515    0.344774576    0.386480804    7.280831011
    4.629795591    0.323598078    0.368188987    7.297209190
    4.649833667    0.303100356    0.350730223    7.308725157
    4.669871743    0.283659882    0.333794386    7.315725290
    4.689909820    0.265464776    0.317089470    7.318745455
    4.709947896    0.248483884    0.300462648    7.318358896
    4.729985972    0.232560059    0.283938997    7.315028062
    4.750024048    0.217535957    0.267629458    7.309010357
    4.770062124    0.203316175    0.251567861    7.300344655
    4.790100200    0.189847903    0.235614561    7.288895963
    4.810138277    0.177059439    0.219505256    7.274413506
    4.830176353    0.164796229    0.202986927    7.256576100
    4.850214429    0.152773383    0.185924025    7.235014892
    4.870252505    0.140579176    0.168320599    7.209309644
    4.890290581    0.127788477    0.150288305    7.178975125
    4.910328657    0.114176387    0.132006493    7.143472463
    4.930366733    0.099894968    0.113696448    7.102257883
    4.950404810    0.085460632    0.095614419    7.054832742
    4.970442886    0.071531582    0.078031524    7.000741762
    4.990480962    0.058589321    0.061137973    6.939509384
    5.010519038    0.046681107    0.044873852    6.870567931
    5.030557114    0.035351746    0.028801288    6.793247063
    5.050595190    0.023804812    0.012140663    6.706847873
    5.070633267    0.011191636   -0.006032966    6.610770732
    5.090671343   -0.003164214   -0.026558198    6.504637376
    5.110709419   -0.019720062   -0.050023623    6.388342196
    5.130747495   -0.038785599   -0.076667581    6.262005822
    5.150785571   -0.060585997   -0.106304528    6.125882074
    5.170823647   -0.085257059   -0.138294520    5.980300461
    5.190861723   -0.112780094   -0.171606212    5.825654128
    5.210899800   -0.142882439   -0.204995304    5.662359500
    5.230937876   -0.174947262   -0.237251680    5.490742876
    5.250975952   -0.207994925   -0.267413103    5.310915951
    5.271014028   -0.240787361   -0.294861239    5.122749451
    5.291052104   -0.272054712   -0.319297378    4.926016795
    5.311090180   -0.300761138   -0.340653072    4.720707995
    5.331128257   -0.326283925   -0.358982784    4.507390180
    5.351166333   -0.348429463   -0.374367757    4.287389428
    5.371204409   -0.367298848   -0.386859321    4.062662539
    5.391242485   -0.383076297   -0.396468144    3.835446341
    5.411280561   -0.395830302   -0.403168651    3.607873951
    5.431318637   -0.405400645   -0.406888777    3.381702124
    5.451356713   -0.411416896   -0.407508293    3.158202674
    5.471394790   -0.413450351   -0.404913017    2.938175801
    5.491432866   -0.411227778   -0.399089165    2.722028494
    5.511470942   -0.404794117   -0.390184251    2.509931413
    5.531509018   -0.394557943   -0.378497301    2.302051163
    5.551547094   -0.381232417   -0.364433074    2.098748010
    5.571585170   -0.365730194   -0.348481034    1.900627950
    5.591623246   -0.349071871   -0.331244966    1.708464820
    5.611661323   -0.332323662   -0.313483253    1.523096413
    5.631699399   -0.316532990   -0.296099572    1.345358306
    5.651737475   -0.302641575   -0.280082981    1.176023536
    5.671775551   -0.291403169   -0.266448048    1.015708649
    5.691813627   -0.283349026   -0.256194632    0.864800174
    5.711851703   -0.278817842   -0.250255082    0.723473859
    5.731889780   -0.278029092   -0.249409061    0.591769774
    5.751927856   -0.281148765   -0.254195278    0.469628820
    5.771965932   -0.288296180   -0.264858289    0.356872394
    5.792004008   -0.299483101   -0.281334228    0.253193101
    5.812042084   -0.314535857   -0.303260728    0.158209069
    5.832080160   -0.333080902   -0.330011373    0.071557431
    5.852118236   -0.354629282   -0.360768427   -0.007036992
    5.872156313   -0.378698943   -0.394633672   -0.077760681
    5.892194389   -0.404876096   -0.430743791   -0.140768252
    5.912232465   -0.432776723   -0.468328929   -0.196247596
    5.932270541   -0.461940216   -0.506669558   -0.244469880
    5.952308617   -0.491718771   -0.544988237   -0.285847877
    5.972346693   -0.521236383   -0.582393605   -0.320984412
    5.992384770   -0.549466065   -0.617962032   -0.350615623
    6.012422846   -0.575403298   -0.650907860   -0.375414559
    6.032460922   -0.598257044   -0.680714422   -0.395796904
    6.052498998   -0.617589022   -0.707161760   -0.411906249
    6.072537074   -0.633379698   -0.730287017   -0.423757203
    6.092575150   -0.646023701   -0.750324578   -0.431348974
    6.112613226   -0.656248053   -0.767625906   -0.434654290
    6.132651303   -0.664956989   -0.782556698   -0.433580212
    6.152689379   -0.673055500   -0.795414661   -0.428024562
    6.172727455   -0.681322851   -0.806417610   -0.418019547
    6.192765531   -0.690355563   -0.815748881   -0.403852502
    6.212803607   -0.700545574   -0.823596159   -0.386069578
    6.232841683   -0.712071736   -0.830150651   -0.365354050
    6.252879760   -0.724912537   -0.835595376   -0.342354316
    6.272917836   -0.738873363   -0.840118072   -0.317556881
    6.292955912   -0.753604418   -0.843938506   -0.291245341
    6.312993988   -0.768614110   -0.847310336   -0.263520397
    6.333032064   -0.783317512   -0.850480874   -0.234344124
    6.353070140   -0.797138915   -0.853636117   -0.203606384
    6.373108216   -0.809624381   -0.856871926   -0.171227859
    6.393146293   -0.820493331   -0.860205509   -0.137280311
    6.413184369   -0.829608945   -0.863608103   -0.102063941
    6.433222445   -0.836913112   -0.867029241   -0.066089293
    6.453260521   -0.842378758   -0.870396837   -0.029962107
    6.473298597   -0.845997415   -0.873602756    0.005780384
    6.493336673   -0.847793377   -0.876495243    0.040808648
    6.513374749   -0.847844536   -0.878883366    0.075050333
    6.533412826   -0.846284837   -0.880537260    0.108633331
    6.553450902   -0.843270040   -0.881174245    0.141773755
    6.573488978   -0.838912565   -0.880452906    0.174694715
    6.593527054   -0.833221944   -0.878009533    0.207624387
    6.613565130   -0.826098040   -0.873534350    0.240839836
    6.633603206   -0.817393395   -0.866839138    0.274681583
    6.653641283   -0.807009722   -0.857873501    0.309502066
    6.673679359   -0.794973589   -0.846698698    0.345576073
    6.693717435   -0.781461876   -0.833463357    0.383029290
    6.713755511   -0.766783219   -0.818408529    0.421815686
    6.733793587   -0.751335439   -0.801886055    0.461726643
    6.753831663   -0.735553525   -0.784353141    0.502396199
    6.773869739   -0.719853958   -0.766326266    0.543296864
    6.793907816   -0.704571696   -0.748309552    0.583760367
    6.813945892   -0.689888685   -0.730725049    0.623053529
    6.833983968   -0.675779481   -0.713864704    0.660494886
    6.854022044   -0.662014130   -0.697869157    0.695566442
    6.874060120   -0.648227829   -0.682731510    0.727974600
    6.894098196   -0.634024261   -0.668326281    0.757634341
    6.914136273   -0.619068107   -0.654458214    0.784593366
    6.934174349   -0.603143228   -0.640912231    0.808946400
    6.954212425   -0.586180394   -0.627485896    0.830779616
    6.974250501   -0.568264451   -0.614004619    0.850164658
    6.994288577   -0.549614402   -0.600335009    0.867210759
    7.014326653   -0.530524708   -0.586404252    0.882151943
    7.034364729   -0.511286588   -0.572211083    0.895410416
    7.054402806   -0.492140358   -0.557809271    0.907588923
    7.074440882   -0.473291764   -0.543275339    0.919394560
    7.094478958   -0.454966946   -0.528698618    0.931532131
    7.114517034   -0.437446618   -0.514206727    0.944608536
    7.134555110   -0.421048805   -0.499992820    0.959072631
    7.154593186   -0.406082957   -0.486304826    0.975195092
    7.174631263   -0.392812562   -0.473392705    0.993079136
    7.194669339   -0.381434196   -0.461439269    1.012684627
    7.214707415   -0.372056968   -0.450503190    1.033851178
    7.234745491   -0.364678555   -0.440496396    1.056318603
    7.254783567   -0.359177704   -0.431212563    1.079746740
    7.274821643   -0.355337642   -0.422408405    1.103735854
    7.294859719   -0.352890572   -0.413908634    1.127856137
    7.314897796   -0.351565660   -0.405678345    1.151692333
    7.334935872   -0.351128361   -0.397816217    1.174890664
    7.354973948   -0.351402560   -0.390471835    1.197181347
    7.375012024   -0.352271134   -0.383739214    1.218359638
    7.395050100   -0.353653264   -0.377585442    1.238239062
    7.415088176   -0.355463252   -0.371842448    1.256612066
    7.435126253   -0.357573134   -0.366255377    1.273240572
    7.455164329   -0.359803027   -0.360566894    1.287870967
    7.475202405   -0.361935950   -0.354610097    1.300261823
    7.495240481   -0.363735677   -0.348369686    1.310223434
    7.515278557   -0.364961265   -0.341977021    1.317659750
    7.535316633   -0.365392846   -0.335644278    1.322581243
    7.555354709   -0.364875941   -0.329577663    1.325071028
    7.575392786   -0.363364202   -0.323909105    1.325240345
    7.595430862   -0.360930312   -0.318671066    1.323227955
    7.615468938   -0.357731791   -0.313825102    1.319240861
    7.635507014   -0.353944540   -0.309325271    1.313579819
    7.655545090   -0.349702642   -0.305165165    1.306616916
    7.675583166   -0.345088289   -0.301367397    1.298745664
    7.695621242   -0.340169713   -0.297925724    1.290327769
    7.715659319   -0.335025611   -0.294753369    1.281631945
    7.735697395   -0.329707359   -0.291687302    1.272765010
    7.755735471   -0.324166682   -0.288549391    1.263637158
    7.775773547   -0.318222047   -0.285218619    1.254019788
    7.795811623   -0.311608201   -0.281666518    1.243698696
    7.815849699   -0.304085154   -0.277937523    1.232633114
    7.835887776   -0.295534195   -0.274089029    1.220998144
    7.855925852   -0.285978810   -0.270129184    1.209067649
    7.875963928   -0.275525270   -0.265984360    1.197022374
    7.896002004   -0.264271221   -0.261497736    1.184822613
    7.916040080   -0.252242075   -0.256444347    1.172217293
    7.936078156   -0.239385525   -0.250553652    1.158844113
    7.956116232   -0.225613099   -0.243535005    1.144319249
    7.976154309   -0.210851812   -0.235104511    1.128262356
    7.996192385   -0.195071120   -0.225017151    1.110289559
    8.016230461   -0.178276101   -0.213100809    1.090030827
    8.036268537   -0.160487731   -0.199277894    1.067170556
    8.056306613   -0.141741633   -0.183568262    1.041454760
    8.076344689   -0.122116234   -0.166082386    1.012631129
    8.096382766   -0.101765198   -0.147013554    0.980371303
    8.116420842   -0.080916511   -0.126629674    0.944275140
    8.136458918   -0.059830689   -0.105261123    0.904004916
    8.156496994   -0.038750575   -0.083277849    0.859481398
    8.176535070   -0.017878419   -0.061050566    0.811011561
    8.196573146    0.002619440   -0.038901807    0.759268655
    8.216611222    0.022609106   -0.017064050    0.705149607
    8.236649299    0.042006536    0.004338023    0.649603786
    8.256687375    0.060806186    0.025278804    0.593518275
    8.276725451    0.079094233    0.045807912    0.537682488
    8.296763527    0.097027160    0.066019916    0.482812260
    8.316801603    0.114783092    0.086021116    0.429612681
    8.336839679    0.132513959    0.105903510    0.378850399
    8.356877756    0.150319519    0.125736058    0.331383559
    8.376915832    0.168242442    0.145567168    0.288106478
    8.396953908    0.186273912    0.165426881    0.249803523
    8.416991984    0.204363311    0.185330467    0.216945644
    8.437030060    0.222431043    0.205288877    0.189515045
    8.457068136    0.240386189    0.225317454    0.166975630
    8.477106212    0.258149714    0.245427992    0.148439991
    8.497144289    0.275678308    0.265605317    0.132952714
    8.517182365    0.292980251    0.285788933    0.119745686
    8.537220441    0.310116824    0.305879658    0.108362669
    8.557258517    0.327186688    0.325770476    0.098629764
    8.577296593    0.344297401    0.345379941    0.090514136
    8.597334669    0.361537708    0.364666248    0.083956327
    8.617372745    0.378962849    0.383619585    0.078771572
    8.637410822    0.396592246    0.402245386    0.074676808
    8.657448898    0.414414005    0.420550186    0.071425379
    8.677486974    0.432396358    0.438537431    0.068970804
    8.697525050    0.450505452    0.456216706    0.067569711
    8.717563126    0.468719563    0.473620856    0.067766381
    8.737601202    0.487029204    0.490818460    0.070262397
    8.757639279    0.505424545    0.507911903    0.075739629
    8.777677355    0.523881013    0.525019581    0.084720595
    8.797715431    0.542352746    0.542247900    0.097502079
    8.817753507    0.560776208    0.559663660    0.114148815
    8.837791583    0.579081188    0.577278755    0.134526958
    8.857829659    0.597205779    0.595054105    0.158360509
    8.877867735    0.615108908    0.612919002    0.185288557
    8.897905812    0.632771163    0.630793287    0.214905838
    8.917943888    0.650181861    0.648601325    0.246781400
    8.937981964    0.667321261    0.666277026    0.280455293
    8.958020040    0.684146668    0.683765603    0.315420074
    8.978058116    0.700585531    0.701024055    0.351110278
    8.998096192    0.716538851    0.718017264    0.386930059
    9.018134269    0.731897004    0.734707284    0.422326216
    9.038172345    0.746563580    0.751038686    0.456877395
    9.058210421    0.760480707    0.766928952    0.490357738
    9.078248497    0.773651118    0.782272191    0.522750303
    9.098286573    0.786148257    0.796954040    0.554206325
    9.118324649    0.798102493    0.810867542    0.584958320
    9.138362725    0.809664068    0.823924404    0.615209272
    9.158400802    0.820962338    0.836064685    0.645035792
    9.178438878    0.832082049    0.847268218    0.674336876
    9.198476954    0.843062469    0.857565015    0.702831343
    9.218515030    0.853912178    0.867035351    0.730088517
    9.238553106    0.864626938    0.875790871    0.755579631
    9.258591182    0.875199338    0.883942246    0.778741965
    9.278629259    0.885616527    0.891572908    0.799044319
    9.298667335    0.895851022    0.898732713    0.816043932
    9.318705411    0.905853390    0.905448691    0.829433383
    9.338743487    0.915553268    0.911743570    0.839072182
    9.358781563    0.924867665    0.917653105    0.844985407
    9.378819639    0.933710031    0.923230953    0.847319533
    9.398857715    0.941997415    0.928536115    0.846272364
    9.418895792    0.949658219    0.933613335    0.842031581
    9.438933868    0.956638844    0.938479336    0.834748405
    9.458971944    0.962903116    0.943115874    0.824544798
    9.479010020    0.968424263    0.947465954    0.811531472
    9.499048096    0.973177037    0.951435834    0.795821022
    9.519086172    0.977138372    0.954908178    0.777533662
    9.539124248    0.980300252    0.957769318    0.756789171
    9.559162325    0.982689224    0.959947851    0.733680744
    9.579200401    0.984376815    0.961449140    0.708248611
    9.599238477    0.985468125    0.962363463    0.680482851
    9.619276553    0.986075349    0.962841385    0.650368661
    9.639314629    0.986297885    0.963053716    0.617958904
    9.659352705    0.986222216    0.963157852    0.583440209
    9.679390782    0.985935126    0.963280275    0.547165163
    9.699428858    0.985536601    0.963515259    0.509637769
    9.719466934    0.985145765    0.963933601    0.471448052
    9.739505010    0.984900950    0.964591369    0.433177369
    9.759543086    0.984956735    0.965533154    0.395323326
    9.779581162    0.985476893    0.966789922    0.358271847
    9.799619238    0.986618426    0.968369688    0.322298175
    9.819657315    0.988507099    0.970242110    0.287569524
    9.839695391    0.991216062    0.972331637    0.254144526
    9.859733467    0.994760156    0.974537046    0.221977886
    9.879771543    0.999106008    0.976774106    0.190932731
    9.899809619    1.004185919    0.979014939    0.160796972
    9.919847695    1.009904235    0.981297854    0.131307147
    9.939885772    1.016135357    0.983700893    0.102190529
    9.959923848    1.022719460    0.986293097    0.073221287
    9.979961924    1.029459856    0.989089282    0.044264407
   10.000000000    1.036123594    0.992032216    0.015289159
