# energy grid [eV]     epsr_x  epsr_y  epsr_z
#
    0.001000000******************************    7.672702569
    0.021038076 -721.542755117  -32.448779807    5.721659899
    0.041076152 -161.481143929    3.442335767    5.542507014
    0.061114228  -59.135094221    9.292309384    5.446602781
    0.081152305  -25.435099984   10.856019183    5.382688422
    0.101190381  -11.048139060   11.295943733    5.334883516
    0.121228457   -3.949178799   11.353984985    5.294988325
    0.141266533   -0.135123499   11.265411745    5.258050696
    0.161304609    2.000883421   11.118103309    5.221366890
    0.181342685    3.191840054   10.947755520    5.184046030
    0.201380762    3.811806927   10.770673086    5.146599219
    0.221418838    4.081215784   10.597852397    5.110505526
    0.241456914    4.154689318   10.440461432    5.077717878
    0.261494990    4.152270328   10.309493901    5.050071523
    0.281533066    4.162692501   10.212764632    5.028729420
    0.301571142    4.239828059   10.152908070    5.013922279
    0.321609218    4.403739305   10.127784150    5.005077818
    0.341647295    4.647218849   10.132241135    5.001159344
    0.361685371    4.945159933   10.160084110    5.000970621
    0.381723447    5.264562066   10.205950580    5.003329610
    0.401761523    5.572632179   10.266684349    5.007147913
    0.421799599    5.841047281   10.341418188    5.011485431
    0.441837675    6.047745642   10.430293842    5.015629736
    0.461875752    6.179781479   10.532948129    5.019202354
    0.481913828    6.237732858   10.647909720    5.022224868
    0.501951904    6.237262828   10.772949909    5.025052313
    0.521989980    6.204130031   10.905706299    5.028164450
    0.542028056    6.165293154   11.044066314    5.031931835
    0.562066132    6.142271672   11.186225406    5.036497501
    0.582104208    6.149596046   11.330538937    5.041807970
    0.602142285    6.196471388   11.475291195    5.047717392
    0.622180361    6.288386019   11.618465402    5.054081583
    0.642218437    6.426879816   11.757576837    5.060815058
    0.662256513    6.608143626   11.889614344    5.067912788
    0.682294589    6.822431599   12.011108723    5.075432105
    0.702332665    7.055437944   12.118346354    5.083441149
    0.722370741    7.291120796   12.207788123    5.091968786
    0.742408818    7.514720194   12.276693181    5.100989089
    0.762446894    7.715065381   12.323688799    5.110441344
    0.782484970    7.885801926   12.348896903    5.120264380
    0.802523046    8.025461856   12.353548180    5.130422898
    0.822561122    8.136489607   12.339435457    5.140910675
    0.842599198    8.223601204   12.308575326    5.151727650
    0.862637275    8.292141545   12.263123128    5.162845683
    0.882675351    8.347044201   12.205264954    5.174187429
    0.902713427    8.392451379   12.136831847    5.185631264
    0.922751503    8.431595982   12.058856386    5.197034610
    0.942789579    8.466640169   11.971583947    5.208258261
    0.962827655    8.498444605   11.874945063    5.219180312
    0.982865731    8.526366464   11.768917604    5.229703203
    1.002903808    8.548273510   11.653491202    5.239763792
    1.022941884    8.560973109   11.528572920    5.249343448
    1.042979960    8.561048748   11.394259414    5.258461961
    1.063018036    8.545861158   11.251510645    5.267148389
    1.083056112    8.514401843   11.102848268    5.275405117
    1.103094188    8.467726549   10.952540552    5.283194868
    1.123132265    8.408802661   10.805976967    5.290472567
    1.143170341    8.341825581   10.668485190    5.297256166
    1.163208417    8.271313888   10.544212815    5.303697057
    1.183246493    8.201387089   10.435538744    5.310098601
    1.203284569    8.135429952   10.343088965    5.316859343
    1.223322645    8.075980934   10.266218254    5.324369185
    1.243360721    8.024587079   10.203689422    5.332919247
    1.263398798    7.981691152   10.154095043    5.342670182
    1.283436874    7.946853366   10.115659165    5.353674454
    1.303474950    7.919329313   10.085589785    5.365914375
    1.323513026    7.898558092   10.059622263    5.379325418
    1.343551102    7.884125302   10.032291176    5.393798970
    1.363589178    7.875325653    9.997906911    5.409173726
    1.383627255    7.870872681    9.951716506    5.425229434
    1.403665331    7.869058431    9.890672555    5.441694546
    1.423703407    7.868126477    9.813574754    5.458268295
    1.443741483    7.866478390    9.720759270    5.474643902
    1.463779559    7.862638180    9.613686297    5.490519770
    1.483817635    7.855206712    9.494647644    5.505598971
    1.503855711    7.843066366    9.366594160    5.519583290
    1.523893788    7.825871788    9.232995142    5.532164395
    1.543931864    7.804583561    9.097684895    5.543017946
    1.563969940    7.781703775    8.964724851    5.551815998
    1.584008016    7.761026653    8.838341856    5.558271025
    1.604046092    7.746951652    8.722917398    5.562203659
    1.624084168    7.743559218    8.622896585    5.563597193
    1.644122244    7.753725235    8.542492016    5.562592779
    1.664160321    7.778566900    8.485111920    5.559411513
    1.684198397    7.817407805    8.452588619    5.554241662
    1.704236473    7.868228312    8.444591853    5.547156456
    1.724274549    7.928382677    8.458715866    5.538114800
    1.744312625    7.995303726    8.491264912    5.527049979
    1.764350701    8.066972728    8.538162424    5.513992095
    1.784388778    8.142088264    8.595417302    5.499146699
    1.804426854    8.219965601    8.659142754    5.482889422
    1.824464930    8.300146583    8.725523287    5.465700227
    1.844503006    8.381733517    8.790987388    5.448099000
    1.864541082    8.462695824    8.852462651    5.430622686
    1.884579158    8.539541427    8.907443395    5.413815063
    1.904617234    8.607624187    8.953862149    5.398163483
    1.924655311    8.662124496    8.990133418    5.383980524
    1.944693387    8.699477175    9.015684765    5.371326259
    1.964731463    8.718736505    9.031706085    5.360056758
    1.984769539    8.722237878    9.041377919    5.349967140
    2.004807615    8.715176661    9.049100718    5.340926530
    2.024845691    8.704271737    9.059016258    5.332939899
    2.044883768    8.696035542    9.073629260    5.326130377
    2.064921844    8.695181209    9.093250430    5.320655840
    2.084959920    8.703656760    9.116487727    5.316589966
    2.104997996    8.720674667    9.141407468    5.313832759
    2.125036072    8.743701520    9.166644641    5.312119276
    2.145074148    8.769897034    9.191903313    5.311123959
    2.165112224    8.797272333    9.217748435    5.310568957
    2.185150301    8.825064348    9.244974367    5.310255544
    2.205188377    8.853412818    9.273954131    5.310040802
    2.225226453    8.882868064    9.304298156    5.309824263
    2.245264529    8.914120699    9.334955117    5.309542833
    2.265302605    8.947893076    9.364608718    5.309133215
    2.285340681    8.984762988    9.392079822    5.308477868
    2.305378758    9.024889997    9.416513482    5.307397479
    2.325416834    9.067793020    9.437237454    5.305713545
    2.345454910    9.112319262    9.453314707    5.303345294
    2.365492986    9.156832075    9.463038573    5.300389663
    2.385531062    9.199444290    9.463715839    5.297149330
    2.405569138    9.238017928    9.451881004    5.294104100
    2.425607214    9.269836648    9.423756429    5.291850579
    2.445645291    9.291119595    9.375603398    5.291029778
    2.465683367    9.296647429    9.303793749    5.292229374
    2.485721443    9.279768105    9.204851133    5.295854763
    2.505759519    9.232954039    9.075856838    5.302022583
    2.525797595    9.148816960    8.915189937    5.310551532
    2.545835671    9.021211983    8.723018964    5.321061505
    2.565873747    8.846095514    8.501045764    5.333116451
    2.585911824    8.622116103    8.251772659    5.346335554
    2.605949900    8.351076400    7.978051792    5.360448139
    2.625987976    8.038171804    7.683179776    5.375318611
    2.646026052    7.691618014    7.371000943    5.390963774
    2.666064128    7.321384746    7.045441764    5.407549389
    2.686102204    6.937255910    6.709578729    5.425345362
    2.706140281    6.546927634    6.364882871    5.444647029
    2.726178357    6.154960372    6.011214528    5.465693431
    2.746216433    5.762989574    5.647648816    5.488606356
    2.766254509    5.370898920    5.273668911    5.513355584
    2.786292585    4.978234627    4.890076610    5.539757751
    2.806330661    4.585286428    4.499358422    5.567525909
    2.826368737    4.193610793    4.105750074    5.596366320
    2.846406814    3.805998057    3.715215483    5.626082453
    2.866444890    3.426136791    3.335179406    5.656635531
    2.886482966    3.058417424    2.973771505    5.688125323
    2.906521042    2.708086479    2.638688023    5.720685786
    2.926559118    2.381479538    2.336155901    5.754343478
    2.946597194    2.085887828    2.070457902    5.788927968
    2.966635271    1.828856117    1.844046695    5.824096238
    2.986673347    1.617015607    1.657934483    5.859449930
    3.006711423    1.454783637    1.512074115    5.894662807
    3.026749499    1.343433866    1.405605582    5.929545049
    3.046787575    1.280967699    1.336942655    5.964030609
    3.066825651    1.262792703    1.303765622    5.998125029
    3.086863727    1.282803155    1.303065333    6.031856551
    3.106901804    1.334452975    1.331373415    6.065245788
    3.126939880    1.411621706    1.385167950    6.098279647
    3.146977956    1.509149825    1.461239182    6.130873693
    3.167016032    1.622942362    1.556780236    6.162843870
    3.187054108    1.749674007    1.669205867    6.193925955
    3.207092184    1.886247839    1.795874186    6.223830382
    3.227130261    2.029173711    1.933827057    6.252272083
    3.247168337    2.174049072    2.079566973    6.278950623
    3.267206413    2.315333008    2.228833549    6.303522388
    3.287244489    2.446515041    2.376334291    6.325618308
    3.307282565    2.560694606    2.515540370    6.344925613
    3.327320641    2.651573605    2.638893286    6.361301828
    3.347358717    2.714746687    2.738710340    6.374837586
    3.367396794    2.748880043    2.808621370    6.385788965
    3.387434870    2.756191423    2.844941817    6.394400063
    3.407472946    2.741857190    2.847390410    6.400746119
    3.427511022    2.712490955    2.818922322    6.404718539
    3.447549098    2.674348187    2.764847271    6.406158174
    3.467587174    2.632025527    2.691602381    6.405042781
    3.487625251    2.588015010    2.605547608    6.401610815
    3.507663327    2.542949021    2.512057370    6.396345633
    3.527701403    2.496163470    2.415041420    6.389823454
    3.547739479    2.446292816    2.316901743    6.382504722
    3.567777555    2.391775046    2.218853143    6.374584334
    3.587815631    2.331282777    2.121457471    6.365985933
    3.607853707    2.264151827    2.025192724    6.356496522
    3.627891784    2.190789870    1.930891752    6.345952886
    3.647929860    2.112880421    1.839862941    6.334374172
    3.667967936    2.033154712    1.753592872    6.321986053
    3.688006012    1.954737648    1.673234129    6.309153903
    3.708044088    1.880413059    1.599298660    6.296296439
    3.728082164    1.812175550    1.531786093    6.283864638
    3.748120240    1.751135123    1.470588083    6.272426051
    3.768158317    1.697659377    1.415859598    6.262805521
    3.788196393    1.651646023    1.368149009    6.256151437
    3.808234469    1.612790592    1.328217433    6.253800944
    3.828272545    1.580719707    1.296634544    6.256961224
    3.848310621    1.555004191    1.273406608    6.266405913
    3.868348697    1.535184738    1.257914307    6.282387145
    3.888386774    1.520900380    1.249228174    6.304763057
    3.908424850    1.512055607    1.246567468    6.333178165
    3.928462926    1.508825920    1.249526635    6.367163863
    3.948501002    1.511354249    1.257867900    6.406155314
    3.968539078    1.519247500    1.271027875    6.449491858
    3.988577154    1.531198803    1.287699914    6.496436120
    4.008615230    1.545001690    1.305779192    6.546191108
    4.028653307    1.557919662    1.322705666    6.597896639
    4.048691383    1.567131102    1.336032330    6.650625677
    4.068729459    1.570020619    1.343942122    6.703415493
    4.088767535    1.564294863    1.345442325    6.755349226
    4.108805611    1.548046005    1.340198300    6.805668724
    4.128843687    1.519936199    1.328273184    6.853873384
    4.148881764    1.479549713    1.310009193    6.899762988
    4.168919840    1.427665287    1.285977005    6.943404408
    4.188957916    1.366111417    1.256820261    6.985035888
    4.208995992    1.297213063    1.223052748    7.024955239
    4.229034068    1.223246849    1.185023972    7.063422566
    4.249072144    1.146273727    1.143080137    7.100569602
    4.269110220    1.068275903    1.097695641    7.136331194
    4.289148297    0.991243617    1.049410702    7.170466628
    4.309186373    0.917002915    0.998652682    7.202690904
    4.329224449    0.846874002    0.945616079    7.232811459
    4.349262525    0.781373993    0.890284926    7.260740588
    4.369300601    0.720120759    0.832549810    7.286368350
    4.389338677    0.662008339    0.772340164    7.309389500
    4.409376754    0.605628122    0.709734593    7.329182985
    4.429414830    0.549778266    0.645028153    7.344784608
    4.449452906    0.493860198    0.578780231    7.354962474
    4.469490982    0.438049304    0.511910185    7.358436036
    4.489529058    0.383214804    0.445805725    7.354284738
    4.509567134    0.330634028    0.382282419    7.342470926
    4.529605210    0.281633894    0.323298053    7.324232705
    4.549643287    0.237306696    0.270509837    7.302063000
    4.569681363    0.198346843    0.224860469    7.279158421
    4.589719439    0.164955905    0.186343180    7.258529981
    4.609757515    0.136799394    0.154007590    7.242196058
    4.629795591    0.113097520    0.126203376    7.230795851
    4.649833667    0.092883272    0.101008477    7.223650156
    4.669871743    0.075305232    0.076726109    7.219073939
    4.689909820    0.059825144    0.052299674    7.214757283
    4.709947896    0.046261878    0.027513869    7.208159065
    4.729985972    0.034689381    0.002913636    7.196928883
    4.750024048    0.025211933   -0.020522742    7.179317691
    4.770062124    0.017716464   -0.041816956    7.154427353
    4.790100200    0.011764391   -0.060356465    7.122144125
    4.810138277    0.006691118   -0.076051062    7.082793304
    4.830176353    0.001784688   -0.089223739    7.036776879
    4.850214429   -0.003639170   -0.100318931    6.984413985
    4.870252505   -0.010278341   -0.109620704    6.925942314
    4.890290581   -0.018864673   -0.117151484    6.861512409
    4.910328657   -0.030083921   -0.122796464    6.791103273
    4.930366733   -0.044456224   -0.126571872    6.714403645
    4.950404810   -0.062284243   -0.128891046    6.630732093
    4.970442886   -0.083699834   -0.130687721    6.539062321
    4.990480962   -0.108727017   -0.133310583    6.438188956
    5.010519038   -0.137269134   -0.138197579    6.326974537
    5.030557114   -0.169040009   -0.146455523    6.204546791
    5.050595190   -0.203527129   -0.158546849    6.070380065
    5.070633267   -0.239998580   -0.174239397    5.924307860
    5.090671343   -0.277497766   -0.192818840    5.766507184
    5.110709419   -0.314841545   -0.213411563    5.597390957
    5.130747495   -0.350695560   -0.235225349    5.417345745
    5.150785571   -0.383736329   -0.257605758    5.226426504
    5.170823647   -0.412837842   -0.279930199    5.024227394
    5.190861723   -0.437195116   -0.301410144    4.810024949
    5.210899800   -0.456306695   -0.320885611    4.583133403
    5.230937876   -0.469824950   -0.336753388    4.343377363
    5.250975952   -0.477391530   -0.347162807    4.091560439
    5.271014028   -0.478577558   -0.350434524    3.829771394
    5.291052104   -0.472965514   -0.345473931    3.561422812
    5.311090180   -0.460339454   -0.331968753    3.290997008
    5.331128257   -0.440883828   -0.310341367    3.023529241
    5.351166333   -0.415239377   -0.281580644    2.763960471
    5.371204409   -0.384339200   -0.247083371    2.516554149
    5.391242485   -0.349145131   -0.208543592    2.284478506
    5.411280561   -0.310515596   -0.167849919    2.069539987
    5.431318637   -0.269305629   -0.126927289    1.872055627
    5.451356713   -0.226566212   -0.087512371    1.690908741
    5.471394790   -0.183643016   -0.050949134    1.523851423
    5.491432866   -0.142119113   -0.018119970    1.368059799
    5.511470942   -0.103696242    0.010450468    1.220801998
    5.531509018   -0.070098788    0.034389079    1.079958267
    5.551547094   -0.042976880    0.053300748    0.944180906
    5.571585170   -0.023746501    0.066738164    0.812704894
    5.591623246   -0.013371212    0.074309571    0.685079593
    5.611661323   -0.012167795    0.075820362    0.561132284
    5.631699399   -0.019739288    0.071352635    0.441194808
    5.651737475   -0.035087834    0.061253191    0.326328993
    5.671775551   -0.056865539    0.046058523    0.218298835
    5.691813627   -0.083668304    0.026410365    0.119258792
    5.711851703   -0.114285761    0.002997799    0.031292577
    5.731889780   -0.147825641   -0.023475714   -0.044010318
    5.751927856   -0.183650575   -0.052318095   -0.105774323
    5.771965932   -0.221157497   -0.082870582   -0.153807779
    5.792004008   -0.259538719   -0.114520821   -0.188431454
    5.812042084   -0.297690532   -0.146722979   -0.210330602
    5.832080160   -0.334355211   -0.179057567   -0.220543418
    5.852118236   -0.368437729   -0.211328402   -0.220567854
    5.872156313   -0.399327463   -0.243627911   -0.212431106
    5.892194389   -0.427067742   -0.276292938   -0.198580866
    5.912232465   -0.452316091   -0.309755960   -0.181616697
    5.932270541   -0.476141620   -0.344399732   -0.163986203
    5.952308617   -0.499784558   -0.380537693   -0.147750554
    5.972346693   -0.524512854   -0.418525914   -0.134447564
    5.992384770   -0.551603381   -0.458871052   -0.125015847
    6.012422846   -0.582328453   -0.502189920   -0.119746566
    6.032460922   -0.617816348   -0.549014674   -0.118281906
    6.052498998   -0.658794154   -0.599563574   -0.119707419
    6.072537074   -0.705328084   -0.653578938   -0.122758655
    6.092575150   -0.756677684   -0.710256013   -0.126077178
    6.112613226   -0.811351761   -0.768283609   -0.128383422
    6.132651303   -0.867385542   -0.826037480   -0.128509012
    6.152689379   -0.922725273   -0.881900865   -0.125383222
    6.172727455   -0.975537318   -0.934575465   -0.118086881
    6.192765531   -1.024355827   -0.983222511   -0.105960596
    6.212803607   -1.068120032   -1.027386795   -0.088677670
    6.232841683   -1.106174387   -1.066803983   -0.066232791
    6.252879760   -1.138242866   -1.101233323   -0.038869236
    6.272917836   -1.164354331   -1.130390290   -0.007009744
    6.292955912   -1.184720193   -1.153981919    0.028774263
    6.312993988   -1.199597692   -1.171813315    0.067804233
    6.333032064   -1.209182857   -1.183898560    0.109401152
    6.353070140   -1.213582331   -1.190486348    0.152999815
    6.373108216   -1.212892168   -1.191967932    0.198151784
    6.393146293   -1.207329728   -1.188741325    0.244404195
    6.413184369   -1.197299103   -1.181139820    0.291178985
    6.433222445   -1.183332834   -1.169458492    0.337772926
    6.453260521   -1.165977673   -1.154014536    0.383488219
    6.473298597   -1.145721658   -1.135154513    0.427813707
    6.493336673   -1.122989645   -1.113194031    0.470559731
    6.513374749   -1.098176204   -1.088365553    0.511882842
    6.533412826   -1.071671823   -1.060847834    0.552182268
    6.553450902   -1.043847635   -1.030845527    0.591892760
    6.573488978   -1.015006465   -0.998624018    0.631240124
    6.593527054   -0.985352350   -0.964477290    0.670067018
    6.613565130   -0.955008774   -0.928694302    0.707836081
    6.633603206   -0.924059441   -0.891564602    0.743814034
    6.653641283   -0.892574849   -0.853395589    0.777296405
    6.673679359   -0.860619984   -0.814512705    0.807715476
    6.693717435   -0.828256836   -0.775250011    0.834619989
    6.713755511   -0.795538750   -0.735932063    0.857649407
    6.733793587   -0.762483946   -0.696825851    0.876586434
    6.753831663   -0.729052899   -0.658073663    0.891428532
    6.773869739   -0.695183518   -0.619669418    0.902370329
    6.793907816   -0.660890099   -0.581530429    0.909691334
    6.813945892   -0.626362563   -0.543640004    0.913656640
    6.833983968   -0.592000228   -0.506158823    0.914521615
    6.854022044   -0.558356532   -0.469408638    0.912618091
    6.874060120   -0.526009303   -0.433741189    0.908437640
    6.894098196   -0.495411492   -0.399404036    0.902675197
    6.914136273   -0.466797096   -0.366498932    0.896248333
    6.934174349   -0.440180590   -0.335049193    0.890274394
    6.954212425   -0.415425668   -0.305136901    0.885946887
    6.974250501   -0.392318028   -0.277044118    0.884320982
    6.994288577   -0.370587194   -0.251322385    0.886127268
    7.014326653   -0.349887590   -0.228735560    0.891714270
    7.034364729   -0.329805516   -0.210073140    0.901105777
    7.054402806   -0.309937368   -0.195893275    0.914103323
    7.074440882   -0.290008541   -0.186300877    0.930382154
    7.094478958   -0.269957654   -0.180861633    0.949563147
    7.114517034   -0.249946408   -0.178679626    0.971268719
    7.134555110   -0.230318739   -0.178582608    0.995156200
    7.154593186   -0.211545492   -0.179344263    1.020890502
    7.174631263   -0.194163864   -0.179902281    1.048056468
    7.194669339   -0.178707932   -0.179536061    1.076096885
    7.214707415   -0.165636104   -0.177960725    1.104354284
    7.234745491   -0.155268973   -0.175309302    1.132177888
    7.254783567   -0.147746198   -0.172007843    1.158998971
    7.274821643   -0.143009658   -0.168592319    1.184351143
    7.294859719   -0.140825776   -0.165554192    1.207878302
    7.314897796   -0.140850634   -0.163282182    1.229350720
    7.334935872   -0.142720319   -0.162085701    1.248679131
    7.354973948   -0.146140205   -0.162230722    1.265916345
    7.375012024   -0.150949176   -0.163949323    1.281234354
    7.395050100   -0.157142666   -0.167441049    1.294875851
    7.415088176   -0.164859997   -0.172893584    1.307102850
    7.435126253   -0.174354439   -0.180514733    1.318156983
    7.455164329   -0.185944930   -0.190543385    1.328216085
    7.475202405   -0.199930406   -0.203223035    1.337335398
    7.495240481   -0.216467007   -0.218742256    1.345406588
    7.515278557   -0.235437677   -0.237137340    1.352194119
    7.535316633   -0.256340307   -0.258136925    1.357458440
    7.555354709   -0.278207984   -0.280963856    1.361090165
    7.575392786   -0.299604748   -0.304203257    1.363170358
    7.595430862   -0.318763625   -0.325887949    1.363952561
    7.615468938   -0.333861830   -0.343835793    1.363812502
    7.635507014   -0.343329560   -0.356096257    1.363187333
    7.655545090   -0.346089139   -0.361312002    1.362511362
    7.675583166   -0.341680874   -0.358885809    1.362160550
    7.695621242   -0.330260708   -0.348946303    1.362397932
    7.715659319   -0.312475274   -0.332170427    1.363298141
    7.735697395   -0.289263476   -0.309548498    1.364651920
    7.755735471   -0.261659403   -0.282170665    1.365888889
    7.775773547   -0.230654029   -0.251081603    1.366079440
    7.795811623   -0.197131774   -0.217211584    1.364056027
    7.815849699   -0.161862774   -0.181368199    1.358633118
    7.835887776   -0.125524488   -0.144270096    1.348847905
    7.855925852   -0.088729701   -0.106596439    1.334122891
    7.875963928   -0.052034835   -0.069011142    1.314282406
    7.896002004   -0.015918701   -0.032138763    1.289434163
    7.916040080    0.019242520    0.003481679    1.259784482
    7.936078156    0.053172481    0.037418951    1.225453502
    7.956116232    0.085670018    0.069338035    1.186354447
    7.976154309    0.116599306    0.098988479    1.142189606
    7.996192385    0.145912034    0.126226691    1.092536268
    8.016230461    0.173676006    0.151068380    1.036941122
    8.036268537    0.200077503    0.173732904    0.975015506
    8.056306613    0.225393625    0.194638772    0.906605842
    8.076344689    0.249947376    0.214334847    0.832056040
    8.096382766    0.274054674    0.233389840    0.752469822
    8.116420842    0.297976089    0.252297486    0.669856662
    8.136458918    0.321895353    0.271452583    0.587063109
    8.156496994    0.345934626    0.291195498    0.507423576
    8.176535070    0.370185052    0.311860645    0.434200705
    8.196573146    0.394721913    0.333765850    0.370055998
    8.216611222    0.419600128    0.357140223    0.316770063
    8.236649299    0.444848530    0.382045839    0.275217915
    8.256687375    0.470477856    0.408356666    0.245461732
    8.276725451    0.496502730    0.435815119    0.226874530
    8.296763527    0.522964648    0.464127502    0.218298258
    8.316801603    0.549936488    0.493035722    0.218250338
    8.336839679    0.577498140    0.522333200    0.225163985
    8.356877756    0.605692523    0.551838211    0.237608250
    8.376915832    0.634484281    0.581356934    0.254409562
    8.396953908    0.663741818    0.610663727    0.274648204
    8.416991984    0.693252736    0.639513565    0.297590051
    8.437030060    0.722768840    0.667686025    0.322622989
    8.457068136    0.752059617    0.695042940    0.349204831
    8.477106212    0.780943845    0.721565607    0.376795936
    8.497144289    0.809285619    0.747339376    0.404773795
    8.517182365    0.836972230    0.772492895    0.432363040
    8.537220441    0.863897796    0.797139876    0.458632056
    8.557258517    0.889951835    0.821353802    0.482604728
    8.577296593    0.914999331    0.845159269    0.503497257
    8.597334669    0.938862046    0.868520781    0.520992908
    8.617372745    0.961331956    0.891340266    0.535387110
    8.637410822    0.982222313    0.913477738    0.547501354
    8.657448898    1.001417902    0.934788744    0.558434947
    8.677486974    1.018890077    0.955163419    0.569306587
    8.697525050    1.034687063    0.974550226    0.581063735
    8.717563126    1.048925323    0.992948114    0.594344526
    8.737601202    1.061775820    1.010370220    0.609396717
    8.757639279    1.073423225    1.026809811    0.626130441
    8.777677355    1.084011378    1.042239839    0.644351552
    8.797715431    1.093612645    1.056638730    0.664065049
    8.817753507    1.102228321    1.069998952    0.685623089
    8.837791583    1.109798206    1.082295146    0.709595380
    8.857829659    1.116212935    1.093445355    0.736484599
    8.877867735    1.121342816    1.103314377    0.766526215
    8.897905812    1.125079283    1.111759263    0.799687313
    8.917943888    1.127350688    1.118669011    0.835782339
    8.937981964    1.128082504    1.123959147    0.874567912
    8.958020040    1.127138265    1.127527836    0.915765603
    8.978058116    1.124328683    1.129220471    0.959045462
    8.998096192    1.119534225    1.128855938    1.004015612
    9.018134269    1.112870352    1.126327383    1.050238333
    9.038172345    1.104746412    1.121724545    1.097259988
    9.058210421    1.095734622    1.115385982    1.144622335
    9.078248497    1.086334003    1.107825204    1.191839110
    9.098286573    1.076814191    1.099572874    1.238348736
    9.118324649    1.067263105    1.091054649    1.283458065
    9.138362725    1.057795216    1.082583703    1.326306010
    9.158400802    1.048728854    1.074412212    1.365898679
    9.178438878    1.040554013    1.066731370    1.401213792
    9.198476954    1.033705961    1.059612671    1.431268973
    9.218515030    1.028337799    1.052981772    1.455065440
    9.238553106    1.024261009    1.046676719    1.471480529
    9.258591182    1.021068566    1.040553452    1.479285868
    9.278629259    1.018340620    1.034573713    1.477366131
    9.298667335    1.015809615    1.028832501    1.465006952
    9.318705411    1.013411594    1.023519552    1.442024849
    9.338743487    1.011233653    1.018839954    1.408638492
    9.358781563    1.009422669    1.014928997    1.365225692
    9.378819639    1.008118260    1.011804393    1.312204629
    9.398857715    1.007435925    1.009393567    1.250096913
    9.418895792    1.007484722    1.007620478    1.179618068
    9.438933868    1.008373744    1.006475321    1.101679024
    9.458971944    1.010173785    1.006004441    1.017369427
    9.479010020    1.012858579    1.006241567    0.928028624
    9.499048096    1.016280293    1.007152455    0.835358182
    9.519086172    1.020201975    1.008632345    0.741425207
    9.539124248    1.024369703    1.010540699    0.648490265
    9.559162325    1.028587215    1.012741459    0.558756476
    9.579200401    1.032751244    1.015129097    0.474184458
    9.599238477    1.036833116    1.017638867    0.396409793
    9.619276553    1.040840780    1.020261380    0.326675092
    9.639314629    1.044812264    1.023073190    0.265707494
    9.659352705    1.048852085    1.026239859    0.213599125
    9.679390782    1.053166377    1.029939326    0.169789387
    9.699428858    1.058042066    1.034242871    0.133169368
    9.719466934    1.063763830    1.039049164    0.102272483
    9.739505010    1.070517373    1.044101789    0.075510002
    9.759543086    1.078327554    1.049047573    0.051397107
    9.779581162    1.087037539    1.053510332    0.028717917
    9.799619238    1.096325172    1.057188745    0.006611322
    9.819657315    1.105774608    1.059967517   -0.015411715
    9.839695391    1.114993082    1.062002153   -0.037495036
    9.859733467    1.123700854    1.063739491   -0.059492885
    9.879771543    1.131732835    1.065845960   -0.081064376
    9.899809619    1.138977146    1.069041564   -0.101807805
    9.919847695    1.145326549    1.073896974   -0.121394463
    9.939885772    1.150674220    1.080681217   -0.139651282
    9.959923848    1.154921151    1.089303619   -0.156562623
    9.979961924    1.157965327    1.099333367   -0.172192937
   10.000000000    1.159680880    1.110061926   -0.186585923
