# energy grid [eV]     epsi_x  epsi_y  epsi_z
#
    0.001000000    0.000186275    0.000186259    0.000028440
    0.021038076    0.003919410    0.003919070    0.000598338
    0.041076152    0.007655468    0.007654805    0.001168360
    0.061114228    0.011397241    0.011396254    0.001738625
    0.081152305    0.015147535    0.015146223    0.002309250
    0.101190381    0.018909176    0.018907538    0.002880355
    0.121228457    0.022685017    0.022683051    0.003452059
    0.141266533    0.026477947    0.026475651    0.004024480
    0.161304609    0.030290894    0.030288268    0.004597739
    0.181342685    0.034126840    0.034123880    0.005171956
    0.201380762    0.037988820    0.037985524    0.005747253
    0.221418838    0.041879935    0.041876300    0.006323751
    0.241456914    0.045803361    0.045799384    0.006901573
    0.261494990    0.049762355    0.049758033    0.007480843
    0.281533066    0.053760267    0.053755595    0.008061685
    0.301571142    0.057800547    0.057795522    0.008644225
    0.321609218    0.061886759    0.061881376    0.009228589
    0.341647295    0.066022588    0.066016842    0.009814907
    0.361685371    0.070211857    0.070205743    0.010403307
    0.381723447    0.074458534    0.074452047    0.010993921
    0.401761523    0.078766751    0.078759885    0.011586881
    0.421799599    0.083140815    0.083133563    0.012182321
    0.441837675    0.087585226    0.087577581    0.012780378
    0.461875752    0.092104693    0.092096649    0.013381190
    0.481913828    0.096704154    0.096695702    0.013984896
    0.501951904    0.101388796    0.101379929    0.014591638
    0.521989980    0.106164077    0.106154785    0.015201562
    0.542028056    0.111035749    0.111026024    0.015814813
    0.562066132    0.116009889    0.115999721    0.016431541
    0.582104208    0.121092923    0.121082302    0.017051897
    0.602142285    0.126291662    0.126280577    0.017676037
    0.622180361    0.131613336    0.131601776    0.018304118
    0.642218437    0.137065635    0.137053587    0.018936300
    0.662256513    0.142656749    0.142644202    0.019572747
    0.682294589    0.148395421    0.148382360    0.020213626
    0.702332665    0.154290999    0.154277410    0.020859108
    0.722370741    0.160353494    0.160339362    0.021509367
    0.742408818    0.166593650    0.166578959    0.022164581
    0.762446894    0.173023020    0.173007754    0.022824934
    0.782484970    0.179654049    0.179638189    0.023490611
    0.802523046    0.186500169    0.186483697    0.024161803
    0.822561122    0.193575910    0.193558806    0.024838707
    0.842599198    0.200897019    0.200879262    0.025521523
    0.862637275    0.208480601    0.208462169    0.026210457
    0.882675351    0.216345277    0.216326146    0.026905719
    0.902713427    0.224511363    0.224491508    0.027607528
    0.922751503    0.233001080    0.232980475    0.028316106
    0.942789579    0.241838790    0.241817406    0.029031682
    0.962827655    0.251051271    0.251029080    0.029754491
    0.982865731    0.260668036    0.260645005    0.030484777
    1.002903808    0.270721701    0.270697798    0.031222788
    1.022941884    0.281248417    0.281223605    0.031968782
    1.042979960    0.292288371    0.292262613    0.032723024
    1.063018036    0.303886379    0.303859634    0.033485787
    1.083056112    0.316092581    0.316064806    0.034257354
    1.103094188    0.328963270    0.328934419    0.035038015
    1.123132265    0.342561869    0.342531894    0.035828071
    1.143170341    0.356960110    0.356928957    0.036627834
    1.163208417    0.372239430    0.372207044    0.037437625
    1.183246493    0.388492677    0.388458996    0.038257776
    1.203284569    0.405826153    0.405791114    0.039088632
    1.223322645    0.424362117    0.424325649    0.039930550
    1.243360721    0.444241831    0.444203858    0.040783900
    1.263398798    0.465629306    0.465589749    0.041649065
    1.283436874    0.488715921    0.488674690    0.042526444
    1.303474950    0.513726131    0.513683132    0.043416450
    1.323513026    0.540924564    0.540879691    0.044319513
    1.343551102    0.570624836    0.570577977    0.045236079
    1.363589178    0.603200536    0.603151567    0.046166614
    1.383627255    0.639098853    0.639047637    0.047111601
    1.403665331    0.678857407    0.678803793    0.048071545
    1.423703407    0.723124757    0.723068580    0.049046971
    1.443741483    0.772684837    0.772625912    0.050038427
    1.463779559    0.828484829    0.828422949    0.051046486
    1.483817635    0.891664383    0.891599317    0.052071745
    1.503855711    0.963580777    0.963512266    0.053114831
    1.523893788    1.045818252    1.045746002    0.054176396
    1.543931864    1.140158635    1.140082317    0.055257127
    1.563969940    1.248473388    1.248392629    0.056357741
    1.584008016    1.372477298    1.372391685    0.057478991
    1.604046092    1.513277210    1.513186290    0.058621667
    1.624084168    1.670695094    1.670598381    0.059786600
    1.644122244    1.842497626    1.842394625    0.060974662
    1.664160321    2.023911982    2.023802214    0.062186773
    1.684198397    2.207938774    2.207821806    0.063423901
    1.704236473    2.386677623    2.386553077    0.064687067
    1.724274549    2.553240141    2.553107659    0.065977348
    1.744312625    2.703360771    2.703219947    0.067295884
    1.764350701    2.835789174    2.835639544    0.068643880
    1.784388778    2.951151060    2.950992224    0.070022612
    1.804426854    3.050360721    3.050192443    0.071433434
    1.824464930    3.134359796    3.134181886    0.072877780
    1.844503006    3.205292211    3.205104224    0.074357180
    1.864541082    3.267147406    3.266948481    0.075873258
    1.884579158    3.324381374    3.324170419    0.077427746
    1.904617234    3.379412166    3.379188227    0.079022495
    1.924655311    3.431489305    3.431251692    0.080659481
    1.944693387    3.478447505    3.478195558    0.082340821
    1.964731463    3.519840283    3.519573124    0.084068784
    1.984769539    3.558358416    3.558074978    0.085845810
    2.004807615    3.598426507    3.598125655    0.087674524
    2.024845691    3.643599738    3.643280169    0.089557757
    2.044883768    3.694773193    3.694433091    0.091498567
    2.064921844    3.750211648    3.749848353    0.093500267
    2.084959920    3.807319109    3.806929227    0.095566452
    2.104997996    3.864853693    3.864433775    0.097701034
    2.125036072    3.923884693    3.923431941    0.099908280
    2.145074148    3.987098730    3.986610926    0.102192855
    2.165112224    4.057621442    4.057095910    0.104559880
    2.185150301    4.138284179    4.137716486    0.107014986
    2.205188377    4.231042506    4.230425857    0.109564391
    2.225226453    4.336340950    4.335666583    0.112214983
    2.245264529    4.453172392    4.452430535    0.114974423
    2.265302605    4.580343107    4.579523723    0.117851261
    2.285340681    4.718305612    4.717398270    0.120855087
    2.305378758    4.870359111    4.869351957    0.123996698
    2.325416834    5.042343194    5.041221671    0.127288315
    2.345454910    5.240879015    5.239624877    0.130743830
    2.365492986    5.471349401    5.469939993    0.134379120
    2.385531062    5.737174583    5.735582146    0.138212413
    2.405569138    6.040869083    6.039060113    0.142264729
    2.425607214    6.385861444    6.383796217    0.146560392
    2.445645291    6.777534286    6.775166388    0.151127599
    2.465683367    7.222461723    7.219737771    0.155999005
    2.485721443    7.725736819    7.722597546    0.161212195
    2.505759519    8.286987244    8.283372077    0.166809835
    2.525797595    8.896229520    8.892087130    0.172839047
    2.545835671    9.531877341    9.527183146    0.179349318
    2.565873747   10.163969119   10.158746091    0.186388048
    2.585911824   10.763154070   10.757486749    0.193993115
    2.605949900   11.310782194   11.304812975    0.202183442
    2.625987976   11.803366643   11.797273237    0.210952118
    2.646026052   12.249074651   12.243039872    0.220270440
    2.666064128   12.660047720   12.654234604    0.230109707
    2.686102204   13.046041768   13.040579509    0.240476021
    2.706140281   13.411852389   13.406832145    0.251440134
    2.726178357   13.757175968   13.752654209    0.263146194
    2.746216433   14.076557226   14.072564958    0.275800316
    2.766254509   14.358985965   14.355542972    0.289652774
    2.786292585   14.588369896   14.585502145    0.304985576
    2.806330661   14.745614020   14.743369259    0.322107052
    2.826368737   14.811694076   14.810150517    0.341346877
    2.846406814   14.770657016   14.769921256    0.363042051
    2.866444890   14.611982867   14.612170771    0.387504947
    2.886482966   14.332607938   14.333805139    0.414966673
    2.906521042   13.938984848   13.941201364    0.445498064
    2.926559118   13.448008587   13.451157033    0.478934698
    2.946597194   12.884968706   12.888880877    0.514859546
    2.966635271   12.278892377   12.283358725    0.552687864
    2.986673347   11.657746289   11.662553864    0.591830705
    3.006711423   11.045314110   11.050273496    0.631833667
    3.026749499   10.459742220   10.464706036    0.672392038
    3.046787575    9.913177375    9.918049485    0.713257655
    3.066825651    9.412439545    9.417170497    0.754150634
    3.086863727    8.960597818    8.965169760    0.794740640
    3.106901804    8.558749699    8.563159152    0.834671767
    3.126939880    8.207394734    8.211636659    0.873625539
    3.146977956    7.907213058    7.911267547    0.911444999
    3.167016032    7.659038794    7.662865935    0.948255185
    3.187054108    7.462778220    7.466324643    0.984441617
    3.207092184    7.315635887    7.318848128    1.020447648
    3.227130261    7.210975850    7.213811662    1.056546720
    3.247168337    7.139313597    7.141746087    1.092806864
    3.267206413    7.091473327    7.093489958    1.129271757
    3.287244489    7.061940727    7.063542724    1.166129739
    3.307282565    7.050007877    7.051213681    1.203657885
    3.327320641    7.057916729    7.058769861    1.241989236
    3.347358717    7.087375541    7.087954487    1.280927060
    3.367396794    7.136822012    7.137246439    1.319974724
    3.387434870    7.201049078    7.201473754    1.358568190
    3.407472946    7.273003913    7.273595432    1.396336917
    3.427511022    7.346206305    7.347110118    1.433179904
    3.447549098    7.416292512    7.417606469    1.469087392
    3.467587174    7.481050011    7.482814935    1.503908171
    3.487625251    7.539145378    7.541349975    1.537336620
    3.507663327    7.588625596    7.591216150    1.569111756
    3.527701403    7.626551233    7.629439487    1.599174000
    3.547739479    7.650020757    7.653089327    1.627612886
    3.567777555    7.657422594    7.660532783    1.654446681
    3.587815631    7.648608157    7.651617388    1.679388201
    3.607853707    7.623966050    7.626754653    1.701772060
    3.627891784    7.583752040    7.586246456    1.720716029
    3.647929860    7.528834513    7.531012729    1.735388736
    3.667967936    7.462111050    7.463989369    1.745190682
    3.688006012    7.388585594    7.390199058    1.749811199
    3.708044088    7.313536497    7.314925845    1.749270037
    3.728082164    7.240443433    7.241650055    1.744011792
    3.748120240    7.170353920    7.171415346    1.734973028
    3.768158317    7.102719172    7.103661826    1.723471743
    3.788196393    7.036591924    7.037426474    1.710849972
    3.808234469    6.971244412    6.971968720    1.697993381
    3.828272545    6.906246747    6.906853718    1.685053238
    3.848310621    6.841656557    6.842140567    1.671670526
    3.868348697    6.778509192    6.778868702    1.657625757
    3.888386774    6.719000970    6.719238972    1.643402914
    3.908424850    6.665715088    6.665838529    1.630153325
    3.928462926    6.620112170    6.620129633    1.619079027
    3.948501002    6.581547520    6.581464898    1.610762872
    3.968539078    6.548134467    6.547950383    1.604959806
    3.988577154    6.519272065    6.518975993    1.600993938
    4.008615230    6.497805803    6.497380684    1.598483620
    4.028653307    6.489649295    6.489077624    1.597837994
    4.048691383    6.500652300    6.499923282    1.600118618
    4.068729459    6.532745712    6.531860704    1.606415517
    4.088767535    6.581978618    6.580950687    1.617287180
    4.108805611    6.639839392    6.638685489    1.632671893
    4.128843687    6.697184482    6.695916712    1.652236731
    4.148881764    6.748275707    6.746900228    1.675853408
    4.168919840    6.792378853    6.790901883    1.703924999
    4.188957916    6.832355557    6.830788721    1.737412351
    4.208995992    6.871686103    6.870047119    1.777522959
    4.229034068    6.911911925    6.910223209    1.825243503
    4.249072144    6.951798534    6.950086040    1.881067535
    4.269110220    6.988188913    6.986479289    1.945132485
    4.289148297    7.017379920    7.015694911    2.017649917
    4.309186373    7.035829081    7.034181082    2.099290938
    4.329224449    7.040000067    7.038391572    2.191247783
    4.349262525    7.026151556    7.024576516    2.294973136
    4.369300601    6.991003142    6.989450654    2.411821769
    4.389338677    6.933358917    6.931821885    2.542799249
    4.409376754    6.855656157    6.854139265    2.688449901
    4.429414830    6.764039156    6.762555689    2.848760024
    4.449452906    6.666434168    6.664992320    3.022915575
    4.469490982    6.569696997    6.568289426    3.208867780
    4.489529058    6.477635569    6.476242869    3.402921575
    4.509567134    6.390859512    6.389463387    3.599816759
    4.529605210    6.308049627    6.306642723    3.793600918
    4.549643287    6.227493258    6.226077442    3.978909302
    4.569681363    6.147998746    6.146574861    4.151835583
    4.589719439    6.069199500    6.067758405    4.309997978
    4.609757515    5.991750898    5.990273848    4.452162612
    4.629795591    5.917548667    5.916017288    4.578089535
    4.649833667    5.849519306    5.847927865    4.688921415
    4.669871743    5.790539380    5.788899917    4.787712359
    4.689909820    5.741681151    5.740017358    4.879297836
    4.709947896    5.700839932    5.699174510    4.969255260
    4.729985972    5.663154496    5.661498179    5.062580443
    4.750024048    5.623632233    5.621979247    5.162844160
    4.770062124    5.580353091    5.578683792    5.272074421
    4.790100200    5.535691852    5.533980731    5.391118386
    4.810138277    5.494658076    5.492884195    5.520139514
    4.830176353    5.461957736    5.460114061    5.659119595
    4.850214429    5.439889224    5.437986012    5.808332902
    4.870252505    5.427747665    5.425807247    5.968568667
    4.890290581    5.422347449    5.420393915    6.140786480
    4.910328657    5.419354701    5.417404602    6.325289134
    4.930366733    5.415121043    5.413177874    6.520951814
    4.950404810    5.408232886    5.406285199    6.724837978
    4.970442886    5.399920050    5.397944341    6.932184578
    4.990480962    5.393100200    5.391070477    7.136790132
    5.010519038    5.390570869    5.388471897    7.331794373
    5.030557114    5.393210077    5.391045357    7.510808523
    5.050595190    5.399064764    5.396853823    7.669479490
    5.070633267    5.403881713    5.401651939    7.807108789
    5.090671343    5.402776826    5.400557370    7.927260303
    5.110709419    5.391892913    5.389710106    8.036783029
    5.130747495    5.368983100    5.366854373    8.144029800
    5.150785571    5.332856908    5.330786910    8.257451130
    5.170823647    5.282564290    5.280548342    8.384855208
    5.190861723    5.217104014    5.215137127    8.532915971
    5.210899800    5.135657797    5.133743111    8.706619676
    5.230937876    5.038167896    5.036319493    8.908515172
    5.250975952    4.926302500    4.924540009    9.137732337
    5.271014028    4.804369596    4.802706077    9.389258498
    5.291052104    4.679272796    4.677703185    9.654287762
    5.311090180    4.559209167    4.557708080    9.921619682
    5.331128257    4.451651767    4.450183105   10.178920314
    5.351166333    4.361372255    4.359904346   10.412984682
    5.371204409    4.289275642    4.287793263   10.609866752
    5.391242485    4.232761585    4.231269820   10.756519495
    5.411280561    4.187573028    4.186091451   10.844135980
    5.431318637    4.150066465    4.148615326   10.871280221
    5.451356713    4.118702507    4.117289008   10.844348616
    5.471394790    4.094243479    4.092859683   10.774560248
    5.491432866    4.078784556    4.077419570   10.673106205
    5.511470942    4.074144783    4.072799783   10.547175962
    5.531509018    4.080454611    4.079146780   10.398741898
    5.551547094    4.095725107    4.094477547   10.226240539
    5.571585170    4.116660287    4.115487654   10.027785895
    5.591623246    4.140264679    4.139167093    9.803887456
    5.611661323    4.165189207    4.164157675    9.558229810
    5.631699399    4.191782599    4.190807763    9.296537777
    5.651737475    4.220810535    4.219885366    9.024701478
    5.671775551    4.251889075    4.251004918    8.747617112
    5.691813627    4.282699983    4.281843321    8.469438776
    5.711851703    4.309329368    4.308485009    8.194428727
    5.731889780    4.327524942    4.326682660    7.926945092
    5.751927856    4.334350831    4.333508464    7.670221189
    5.771965932    4.329489555    4.328650414    7.425102182
    5.792004008    4.315535331    4.314704010    7.190035876
    5.812042084    4.297087919    4.296268942    6.962392803
    5.832080160    4.279054716    4.278254731    6.740109415
    5.852118236    4.265002499    4.264233712    6.522705935
    5.872156313    4.256330322    4.255612272    6.311461248
    5.892194389    4.252449628    4.251808316    6.108943375
    5.912232465    4.251548957    4.251014718    5.918097631
    5.932270541    4.251334491    4.250939630    5.741176490
    5.952308617    4.249452158    4.249226780    5.578882795
    5.972346693    4.243770058    4.243734407    5.429972482
    5.992384770    4.232803905    4.232959884    5.291478733
    6.012422846    4.216231360    4.216559607    5.159691610
    6.032460922    4.195090831    4.195556784    5.031695690
    6.052498998    4.171315789    4.171880677    4.906681878
    6.072537074    4.146851457    4.147480694    4.786057251
    6.092575150    4.123135821    4.123801207    4.672164887
    6.112613226    4.101318137    4.101996067    4.566598201
    6.132651303    4.082648751    4.083318293    4.469264252
    6.152689379    4.068282982    4.068926027    4.378505184
    6.172727455    4.058489276    4.059092817    4.291907439
    6.192765531    4.051907649    4.052466268    4.207252479
    6.212803607    4.045355300    4.045871439    4.123101709
    6.232841683    4.034163934    4.034645525    4.038830847
    6.252879760    4.012913073    4.013370476    3.954361552
    6.272917836    3.976592469    3.977036478    3.869966144
    6.292955912    3.922041973    3.922482804    3.786339694
    6.312993988    3.849011502    3.849457907    3.704763573
    6.333032064    3.760134716    3.760593219    3.626888774
    6.353070140    3.659829838    3.660304599    3.553935408
    6.373108216    3.552860356    3.553353503    3.485824691
    6.393146293    3.443303724    3.443815609    3.421022023
    6.413184369    3.334232111    3.334761747    3.357322798
    6.433222445    3.227959819    3.228506045    3.293152839
    6.453260521    3.126428795    3.126991516    3.228657625
    6.473298597    3.031317878    3.031898003    3.165918146
    6.493336673    2.943822551    2.944420841    3.108198417
    6.513374749    2.864480587    2.865097264    3.058835002
    6.533412826    2.793400268    2.794036077    3.020372270
    6.553450902    2.730695816    2.731353167    2.994036788
    6.573488978    2.676611157    2.677294434    2.979494976
    6.593527054    2.631254401    2.631969948    2.974934555
    6.613565130    2.594374117    2.595130006    2.977375599
    6.633603206    2.565414703    2.566218902    2.983059796
    6.653641283    2.543640472    2.544496598    2.988029112
    6.673679359    2.528115337    2.529017722    2.989059840
    6.693717435    2.517578804    2.518510426    2.984650081
    6.713755511    2.510372701    2.511307973    2.975393722
    6.733793587    2.504559290    2.505470030    2.963469680
    6.753831663    2.498238497    2.499099714    2.951677850
    6.773869739    2.489909257    2.490702964    2.942589373
    6.793907816    2.478750357    2.479467441    2.938007173
    6.813945892    2.464754212    2.465394540    2.938708095
    6.833983968    2.448600967    2.449171475    2.944483035
    6.854022044    2.431263292    2.431774406    2.954421186
    6.874060120    2.413548832    2.414011181    2.967187993
    6.894098196    2.395819889    2.396243416    2.981124848
    6.914136273    2.377939361    2.378334438    2.994297432
    6.934174349    2.359280432    2.359658559    3.004672768
    6.954212425    2.338662216    2.339034936    3.010388310
    6.974250501    2.314343703    2.314720852    3.010006225
    6.994288577    2.284369309    2.284757750    3.002781789
    7.014326653    2.247310562    2.247712686    2.988902454
    7.034364729    2.203018336    2.203429948    2.969405009
    7.054402806    2.152927988    2.153337538    2.945626553
    7.074440882    2.099816541    2.100207667    2.918539968
    7.094478958    2.047229403    2.047585851    2.888486235
    7.114517034    1.998808256    1.999118118    2.855488556
    7.134555110    1.957663409    1.957920600    2.819892821
    7.154593186    1.925941182    1.926144146    2.782822665
    7.174631263    1.904701634    1.904850371    2.746068876
    7.194669339    1.894041122    1.894134263    2.711482940
    7.214707415    1.893272000    1.893305653    2.680336654
    7.234745491    1.901048827    1.901017381    2.653178831
    7.254783567    1.915461680    1.915358795    2.630323215
    7.274821643    1.934124354    1.933942519    2.612464668
    7.294859719    1.954255073    1.953984895    2.600809151
    7.314897796    1.972857688    1.972489960    2.596715015
    7.334935872    1.987187701    1.986718835    2.601329640
    7.354973948    1.995425362    1.994862490    2.615530410
    7.375012024    1.997101409    1.996462811    2.640010215
    7.395050100    1.992921186    1.992231489    2.675070370
    7.415088176    1.984183178    1.983466634    2.719923421
    7.435126253    1.972253160    1.971528545    2.771999420
    7.455164329    1.958301626    1.957580307    2.827094455
    7.475202405    1.943271146    1.942558001    2.880604408
    7.495240481    1.928011014    1.927306924    2.929131596
    7.515278557    1.913423027    1.912727366    2.971440467
    7.535316633    1.900389307    1.899701315    3.008303661
    7.555354709    1.889483541    1.888802334    3.041558332
    7.575392786    1.880736217    1.880060366    3.072999077
    7.595430862    1.873621207    1.872949146    3.103648872
    7.615468938    1.867161048    1.866492539    3.133754889
    7.635507014    1.859986884    1.859324634    3.163371466
    7.655545090    1.850295734    1.849646243    3.192824923
    7.675583166    1.835790501    1.835163906    3.222523541
    7.695621242    1.813819449    1.813228514    3.252417052
    7.715659319    1.781913064    1.781371324    3.281820112
    7.735697395    1.738648997    1.738168015    3.309861955
    7.755735471    1.684420104    1.684006299    3.336151435
    7.775773547    1.621608082    1.621260315    3.361047117
    7.795811623    1.554014582    1.553724157    3.385343686
    7.815849699    1.485843859    1.485597583    3.409714522
    7.835887776    1.420724027    1.420508621    3.434275179
    7.855925852    1.361137892    1.360943001    3.458386807
    7.875963928    1.308331321    1.308150128    3.480841437
    7.896002004    1.262526474    1.262355038    3.500602880
    7.916040080    1.223251360    1.223087997    3.517918661
    7.936078156    1.189684830    1.189529658    3.535144734
    7.956116232    1.160953584    1.160807778    3.556568053
    7.976154309    1.136326858    1.136191492    3.587148820
    7.996192385    1.115289798    1.115164755    3.630955674
    8.016230461    1.097534410    1.097418057    3.690137576
    8.036268537    1.082919644    1.082809404    3.764526665
    8.056306613    1.071384011    1.071277233    3.851452564
    8.076344689    1.062767169    1.062661598    3.945564149
    8.096382766    1.056596770    1.056490530    4.038887294
    8.116420842    1.052000236    1.051891744    4.121532447
    8.136458918    1.047860908    1.047749103    4.183293308
    8.156496994    1.043158948    1.043043671    4.215883988
    8.176535070    1.037276200    1.037158289    4.215031319
    8.196573146    1.030087144    1.029968105    4.181454665
    8.216611222    1.021873176    1.021754759    4.120200091
    8.236649299    1.013207974    1.013091870    4.038686605
    8.256687375    1.004845129    1.004732686    3.944477948
    8.276725451    0.997534066    0.997425955    3.843781782
    8.296763527    0.991789182    0.991685207    3.741136546
    8.316801603    0.987758969    0.987658198    3.639980950
    8.336839679    0.985271799    0.985173004    3.543347846
    8.356877756    0.983986267    0.983888492    3.454160611
    8.376915832    0.983532638    0.983435591    3.375084231
    8.396953908    0.983592596    0.983496650    3.308115824
    8.416991984    0.983947871    0.983853722    3.254188136
    8.437030060    0.984544460    0.984452725    3.212991164
    8.457068136    0.985538186    0.985449301    3.183008125
    8.477106212    0.987248303    0.987162793    3.161729306
    8.497144289    0.990026885    0.989945766    3.146061579
    8.517182365    0.994110458    0.994035330    3.132796253
    8.537220441    0.999508190    0.999440823    3.118886896
    8.557258517    1.006007857    1.005949519    3.101498914
    8.577296593    1.013365088    1.013316118    3.078032920
    8.597334669    1.021559030    1.021518800    3.046336664
    8.617372745    1.030876829    1.030843849    3.005229532
    8.637410822    1.041755056    1.041726977    2.955215737
    8.657448898    1.054548739    1.054522346    2.898808928
    8.677486974    1.069438158    1.069409410    2.839844927
    8.697525050    1.086525875    1.086490070    2.781964550
    8.717563126    1.105997778    1.105949986    2.727297735
    8.737601202    1.128195546    1.128131246    2.676240843
    8.757639279    1.153559575    1.153475109    2.628265959
    8.777677355    1.182476177    1.182368936    2.582928630
    8.797715431    1.215066947    1.214935637    2.540324767
    8.817753507    1.250984508    1.250829723    2.500934597
    8.837791583    1.289309837    1.289134502    2.465263600
    8.857829659    1.328618967    1.328427780    2.433602292
    8.877867735    1.367231253    1.367028945    2.405966944
    8.897905812    1.403586431    1.403376078    2.382208114
    8.917943888    1.436600218    1.436383107    2.362259822
    8.937981964    1.465809486    1.465586482    2.346369276
    8.958020040    1.491244891    1.491017752    2.335057282
    8.978058116    1.513172942    1.512944337    2.328733093
    8.998096192    1.531928307    1.531700692    2.327228936
    9.018134269    1.547909178    1.547683749    2.329659109
    9.038172345    1.561584917    1.561361672    2.334699738
    9.058210421    1.573363455    1.573142186    2.340982189
    9.078248497    1.583411567    1.583192531    2.347365138
    9.098286573    1.591660105    1.591443460    2.353209852
    9.118324649    1.598038221    1.597822758    2.358788057
    9.138362725    1.602696626    1.602479387    2.365585100
    9.158400802    1.605958347    1.605736061    2.376123484
    9.178438878    1.608021519    1.607792903    2.393340574
    9.198476954    1.608730409    1.608497303    2.420017904
    9.218515030    1.607718546    1.607484982    2.458611201
    9.238553106    1.604861924    1.604632318    2.511271385
    9.258591182    1.600610511    1.600388563    2.579666240
    9.278629259    1.595870341    1.595659011    2.664556129
    9.298667335    1.591562519    1.591364304    2.765354335
    9.318705411    1.588217617    1.588034281    2.879891025
    9.338743487    1.585857719    1.585689236    3.004617236
    9.358781563    1.584237048    1.584080399    3.135452804
    9.378819639    1.583289477    1.583138614    3.269035542
    9.398857715    1.583434899    1.583282665    3.403612339
    9.418895792    1.585493853    1.585334849    3.538932610
    9.438933868    1.590272978    1.590105376    3.675193141
    9.458971944    1.598113225    1.597938343    3.811731772
    9.479010020    1.608714040    1.608534412    3.946293691
    9.499048096    1.621328959    1.621146695    4.075104197
    9.519086172    1.635138122    1.634954576    4.193311472
    9.539124248    1.649522659    1.649338939    4.295462374
    9.559162325    1.664127769    1.663945103    4.376112714
    9.579200401    1.678796308    1.678616024    4.430701781
    9.599238477    1.693496114    1.693319536    4.456650298
    9.619276553    1.708315782    1.708143979    4.454352769
    9.639314629    1.723573817    1.723406926    4.427332476
    9.659352705    1.739963845    1.739800484    4.381090306
    9.679390782    1.758473341    1.758311041    4.321206350
    9.699428858    1.779898914    1.779735667    4.251897172
    9.719466934    1.804197194    1.804033189    4.175835692
    9.739505010    1.830212928    1.830051319    4.095057897
    9.759543086    1.856094788    1.855940940    4.012065791
    9.779581162    1.880046388    1.879906265    3.930312001
    9.799619238    1.900704610    1.900583476    3.853846178
    9.819657315    1.916966931    1.916868620    3.786414195
    9.839695391    1.927828325    1.927754428    3.730501552
    9.859733467    1.932674050    1.932622815    3.686764939
    9.879771543    1.931773023    1.931738905    3.654100511
    9.899809619    1.926457407    1.926432283    3.630348420
    9.919847695    1.918836069    1.918811908    3.613316845
    9.939885772    1.911279437    1.911250860    3.601504783
    9.959923848    1.905989453    1.905954531    3.593987865
    9.979961924    1.904811069    1.904770189    3.589552369
   10.000000000    1.909211706    1.909165826    3.585768796
