# energy grid [eV]     epsi_x  epsi_y  epsi_z
#
    0.001000000   86.940534052   55.692436821    5.192635004
    0.021038076   72.974957401   70.174505630    1.178881921
    0.041076152   61.224678967   58.673953415    0.914840552
    0.061114228   53.728308227   51.891448977    0.807157665
    0.081152305   48.136936395   46.998948664    0.751116633
    0.101190381   43.642059298   42.978157833    0.719427507
    0.121228457   39.866598458   39.424102960    0.700960569
    0.141266533   36.620386432   36.180663397    0.690055963
    0.161304609   33.789106913   33.194614152    0.683179539
    0.181342685   31.280757507   30.445266042    0.677552690
    0.201380762   29.007027494   27.911523737    0.670617159
    0.221418838   26.886564354   25.563652416    0.660028221
    0.241456914   24.856133525   23.369585962    0.643949248
    0.261494990   22.877710996   21.305342581    0.621363445
    0.281533066   20.938229526   19.361489846    0.592241039
    0.301571142   19.045456985   17.542213230    0.557565166
    0.321609218   17.222547696   15.858731136    0.519180907
    0.341647295   15.500859125   14.321717207    0.479390327
    0.361685371   13.911547818   12.936533830    0.440405254
    0.381723447   12.478713656   11.702308477    0.403929390
    0.401761523   11.216215699   10.613669796    0.371021331
    0.421799599   10.127806159    9.663209225    0.342180722
    0.441837675    9.209041888    8.843288538    0.317527219
    0.461875752    8.449819147    8.146880580    0.296972981
    0.481913828    7.836923824    7.567738176    0.280328037
    0.501951904    7.356212764    7.100161477    0.267321682
    0.521989980    6.994244624    6.738573425    0.257576568
    0.542028056    6.739387305    6.477207313    0.250594469
    0.562066132    6.582334710    6.310053622    0.245791628
    0.582104208    6.515637544    6.230803298    0.242583865
    0.602142285    6.531991430    6.232412486    0.240486928
    0.622180361    6.621921153    6.306344278    0.239184204
    0.642218437    6.772237019    6.442019913    0.238536370
    0.662256513    6.966208623    6.626924937    0.238542963
    0.682294589    7.185085241    6.847269763    0.239281855
    0.702332665    7.409789984    7.088748380    0.240852327
    0.722370741    7.622297694    7.337104023    0.243343077
    0.742408818    7.807315589    7.578560673    0.246830870
    0.762446894    7.954454056    7.800294861    0.251388812
    0.782484970    8.059576322    7.991060146    0.257073586
    0.802523046    8.124049905    8.142054571    0.263888331
    0.822561122    8.152500730    8.248093097    0.271757028
    0.842599198    8.150837260    8.308837706    0.280550110
    0.862637275    8.125590532    8.329348845    0.290156990
    0.882675351    8.084274077    8.319324353    0.300553230
    0.902713427    8.035661190    8.291158922    0.311808486
    0.922751503    7.989001623    8.257446199    0.324022222
    0.942789579    7.952233732    8.228435613    0.337215615
    0.962827655    7.930195401    8.209811646    0.351227181
    0.982865731    7.923660198    8.201388940    0.365657963
    1.002903808    7.929329533    8.197577415    0.379893545
    1.022941884    7.940759899    8.189955119    0.393199795
    1.042979960    7.950200917    8.170911234    0.404865103
    1.063018036    7.950871166    8.136475559    0.414363364
    1.083056112    7.938810861    8.087210689    0.421513206
    1.103094188    7.913582771    8.027376597    0.426569260
    1.123132265    7.877645171    7.963124591    0.430163904
    1.143170341    7.834876199    7.900400338    0.433109132
    1.163208417    7.789031111    7.843178052    0.436179703
    1.183246493    7.742753179    7.792636733    0.439991699
    1.203284569    7.697383619    7.747562772    0.444999096
    1.223322645    7.653428678    7.705626750    0.451563988
    1.243360721    7.611274417    7.664752110    0.460034881
    1.263398798    7.571674866    7.623901185    0.470772449
    1.283436874    7.535738842    7.583069698    0.484098922
    1.303474950    7.504518792    7.542728632    0.500203815
    1.323513026    7.478576500    7.503201986    0.519067950
    1.343551102    7.457860053    7.464450296    0.540449621
    1.363589178    7.441947732    7.426359766    0.563937435
    1.383627255    7.430429212    7.389197280    0.589042066
    1.403665331    7.423046147    7.353835858    0.615283190
    1.423703407    7.419326974    7.321646596    0.642233887
    1.443741483    7.417946677    7.294187106    0.669516100
    1.463779559    7.416549304    7.272824260    0.696777377
    1.483817635    7.412526510    7.258405859    0.723689300
    1.503855711    7.404310972    7.251142461    0.749990793
    1.523893788    7.392231285    7.250756134    0.775573021
    1.543931864    7.378428242    7.256666555    0.800568221
    1.563969940    7.366032383    7.267924219    0.825377222
    1.584008016    7.358050758    7.282903388    0.850590976
    1.604046092    7.356319418    7.298996735    0.876827993
    1.624084168    7.360798825    7.312485536    0.904559328
    1.644122244    7.369403562    7.318675320    0.933989996
    1.664160321    7.378357317    7.312451599    0.965029542
    1.684198397    7.382958024    7.289381139    0.997347230
    1.704236473    7.378687685    7.247144007    1.030489439
    1.724274549    7.362527264    7.186677770    1.064026872
    1.744312625    7.334112751    7.112391137    1.097673884
    1.764350701    7.296271538    7.031269111    1.131310245
    1.784388778    7.254638141    6.951304624    1.164889851
    1.804426854    7.216384148    6.879967966    1.198308051
    1.824464930    7.188477292    6.823216415    1.231322519
    1.844503006    7.176132805    6.785109674    1.263563484
    1.864541082    7.181993039    6.767760444    1.294599465
    1.884579158    7.206080095    6.771305748    1.324008004
    1.904617234    7.246173739    6.793797341    1.351427325
    1.924655311    7.298350648    6.831179762    1.376579210
    1.944693387    7.357779706    6.877689225    1.399250504
    1.964731463    7.419882162    6.926907477    1.419241640
    1.984769539    7.481368882    6.973249358    1.436327210
    2.004807615    7.540277319    7.013214487    1.450280909
    2.024845691    7.594880512    7.045836789    1.460976831
    2.044883768    7.642557873    7.072311752    1.468517792
    2.064921844    7.679891981    7.095199953    1.473313537
    2.084959920    7.704141057    7.117647858    1.476053433
    2.104997996    7.714998186    7.142856923    1.477566410
    2.125036072    7.715364798    7.173774479    1.478624911
    2.145074148    7.710722635    7.212814122    1.479788997
    2.165112224    7.707575538    7.261430556    1.481350108
    2.185150301    7.711712819    7.319675494    1.483365472
    2.205188377    7.726929550    7.386237508    1.485742938
    2.225226453    7.754647862    7.459331036    1.488343525
    2.245264529    7.794515267    7.538028040    1.491088052
    2.265302605    7.845477229    7.623072967    1.494049800
    2.285340681    7.906542596    7.716582173    1.497487001
    2.305378758    7.976846874    7.820858441    1.501772846
    2.325416834    8.055265050    7.937088802    1.507229668
    2.345454910    8.140118376    8.064656013    1.513923886
    2.365492986    8.229348209    8.201305980    1.521506454
    2.385531062    8.321165668    8.343882540    1.529169464
    2.405569138    8.414861752    8.489120513    1.535729770
    2.425607214    8.511344212    8.634129136    1.539816812
    2.445645291    8.613107699    8.776529259    1.540167271
    2.465683367    8.723570408    8.914420881    1.536003055
    2.485721443    8.845889223    9.046290227    1.527339751
    2.505759519    8.981553421    9.170822694    1.515013705
    2.525797595    9.129200369    9.286622698    1.500379156
    2.545835671    9.284033805    9.392000449    1.484868298
    2.565873747    9.438073132    9.485035645    1.469664034
    2.585911824    9.581392615    9.563972517    1.455577258
    2.605949900    9.704283837    9.627762451    1.443054826
    2.625987976    9.799698544    9.676487482    1.432225405
    2.646026052    9.864883344    9.711539259    1.422963705
    2.666064128    9.901432314    9.735531888    1.414992027
    2.686102204    9.913864811    9.751852347    1.408013129
    2.706140281    9.907527410    9.763812624    1.401827359
    2.726178357    9.886782842    9.773731515    1.396370465
    2.746216433    9.854158096    9.782422489    1.391643558
    2.766254509    9.810514759    9.789134547    1.387583461
    2.786292585    9.755773427    9.791619505    1.383959593
    2.806330661    9.689654369    9.786249472    1.380340066
    2.826368737    9.612099784    9.768421023    1.376126029
    2.846406814    9.523220448    9.733262006    1.370666979
    2.866444890    9.422887651    9.676356148    1.363475916
    2.886482966    9.310426467    9.594360892    1.354499176
    2.906521042    9.184799884    9.485647429    1.344299642
    2.926559118    9.045192989    9.350903013    1.334002979
    2.946597194    8.891607254    9.193279948    1.325002695
    2.966635271    8.725238855    9.017803666    1.318597746
    2.986673347    8.548655416    8.830287977    1.315758417
    3.006711423    8.365755967    8.636260004    1.317081892
    3.026749499    8.181419450    8.440228053    1.322867661
    3.046787575    8.000894086    8.245471023    1.333217562
    3.066825651    7.829174051    8.054450508    1.348110765
    3.086863727    7.670574680    7.869670411    1.367444225
    3.106901804    7.528529293    7.694461318    1.391044953
    3.126939880    7.405505813    7.533170649    1.418669101
    3.146977956    7.302895303    7.390651948    1.450001632
    3.167016032    7.220781894    7.271396764    1.484653984
    3.187054108    7.157759902    7.178770797    1.522152992
    3.207092184    7.111177228    7.114598800    1.561940115
    3.227130261    7.077930006    7.079090177    1.603420520
    3.247168337    7.055348040    7.070967117    1.646078747
    3.267206413    7.041518014    7.087583044    1.689622867
    3.287244489    7.034903736    7.124851273    1.734075692
    3.307282565    7.033766003    7.177054443    1.779739779
    3.327320641    7.035976976    7.236869617    1.827033154
    3.347358717    7.039321764    7.295893086    1.876286211
    3.367396794    7.041885822    7.345687935    1.927619572
    3.387434870    7.042200127    7.379208285    1.980940947
    3.407472946    7.039233430    7.392283515    2.035991984
    3.427511022    7.032447007    7.384556424    2.092360131
    3.447549098    7.021843867    7.359250473    2.149435154
    3.467587174    7.007769774    7.321719390    2.206346404
    3.487625251    6.990509434    7.277488114    2.261932884
    3.507663327    6.970060203    7.230719668    2.314801602
    3.527701403    6.946326824    7.183651660    2.363524799
    3.547739479    6.919552459    7.136980252    2.406966197
    3.567777555    6.890611166    7.090722527    2.444606907
    3.587815631    6.860932823    7.044921260    2.476682403
    3.607853707    6.832075423    6.999833227    2.504049795
    3.627891784    6.805177669    6.955773815    2.527887697
    3.647929860    6.780639769    6.913045343    2.549400148
    3.667967936    6.758217876    6.872120973    2.569621375
    3.688006012    6.737344398    6.833814383    2.589326527
    3.708044088    6.717357984    6.799054887    2.609026440
    3.728082164    6.697609065    6.768295131    2.629031770
    3.748120240    6.677601485    6.741033977    2.649574713
    3.768158317    6.657135528    6.715851396    2.670963401
    3.788196393    6.636254302    6.690886864    2.693697471
    3.808234469    6.615020587    6.664444227    2.718440752
    3.828272545    6.593424632    6.635484427    2.745825432
    3.848310621    6.571572748    6.603865172    2.776206996
    3.868348697    6.549922897    6.570228226    2.809540415
    3.888386774    6.529267661    6.535588129    2.845457529
    3.908424850    6.510456735    6.500883443    2.883489350
    3.928462926    6.494104460    6.466753358    2.923297625
    3.948501002    6.480531579    6.433588802    2.964796738
    3.968539078    6.469970559    6.401724068    3.008143809
    3.988577154    6.462797939    6.371618191    3.053670161
    4.008615230    6.459560052    6.343970469    3.101817928
    4.028653307    6.460820786    6.319774757    3.153045286
    4.048691383    6.466984118    6.300253663    3.207623402
    4.068729459    6.478133461    6.286569836    3.265359444
    4.088767535    6.493864759    6.279369472    3.325425959
    4.108805611    6.513163071    6.278418895    3.386458622
    4.128843687    6.534403814    6.282544404    3.446886325
    4.148881764    6.555469711    6.289838545    3.505286147
    4.168919840    6.573908583    6.297981927    3.560594044
    4.188957916    6.587135194    6.304631028    3.612196361
    4.208995992    6.592765639    6.307883304    3.660036947
    4.229034068    6.589059485    6.306678339    3.704758800
    4.249072144    6.575235735    6.300868430    3.747723487
    4.269110220    6.551442928    6.290874907    3.790768621
    4.289148297    6.518434265    6.277159460    3.835764758
    4.309186373    6.477208630    6.259836468    3.884201561
    4.329224449    6.428845584    6.238600938    3.937011217
    4.349262525    6.374575402    6.212925587    3.994647166
    4.369300601    6.315924931    6.182333371    4.057253231
    4.389338677    6.254723720    6.146582161    4.124743216
    4.409376754    6.192886915    6.105751868    4.196744247
    4.429414830    6.132048864    6.060268749    4.272485584
    4.449452906    6.073199975    6.010821136    4.350747573
    4.469490982    6.016517550    5.958139555    4.429963230
    4.489529058    5.961524054    5.902732996    4.508514350
    4.509567134    5.907497581    5.844721994    4.585160593
    4.529605210    5.853896979    5.783890383    4.659430932
    4.549643287    5.800612667    5.720013336    4.731792738
    4.569681363    5.747985942    5.653332682    4.803523797
    4.589719439    5.696635848    5.584847797    4.876367002
    4.609757515    5.647206090    5.516143653    4.952131179
    4.629795591    5.600173369    5.448830342    5.032371636
    4.649833667    5.555809095    5.383998738    5.118186338
    4.669871743    5.514275682    5.322058395    5.210070337
    4.689909820    5.475730625    5.262970690    5.307794879
    4.709947896    5.440306613    5.206607606    5.410448260
    4.729985972    5.407959356    5.152984101    5.516845694
    4.750024048    5.378303699    5.102308213    5.626254429
    4.770062124    5.350561528    5.054923158    5.739001569
    4.790100200    5.323645449    5.011190711    5.856493368
    4.810138277    5.296325996    4.971325987    5.980588956
    4.830176353    5.267425081    4.935250981    6.112734216
    4.850214429    5.236006580    4.902583101    6.253345156
    4.870252505    5.201555033    4.872787591    6.401655946
    4.890290581    5.164098431    4.845373797    6.555929735
    4.910328657    5.124183704    4.820004082    6.713783922
    4.930366733    5.082667267    4.796503509    6.872438080
    4.950404810    5.040408659    4.774809678    7.028871588
    4.970442886    4.998032836    4.754870511    7.180005717
    4.990480962    4.955888637    4.736503186    7.322993721
    5.010519038    4.914179091    4.719263721    7.455573599
    5.030557114    4.873100990    4.702387472    7.576323257
    5.050595190    4.832860863    4.684837511    7.684659708
    5.070633267    4.793588363    4.665451029    7.780585249
    5.090671343    4.755255602    4.643137245    7.864363592
    5.110709419    4.717663864    4.617080505    7.936299092
    5.130747495    4.680480190    4.586905688    7.996618441
    5.150785571    4.643285259    4.552750100    8.045377851
    5.170823647    4.605614992    4.515205752    8.082405213
    5.190861723    4.566990110    4.475142583    8.107280146
    5.210899800    4.526936550    4.433457919    8.119268635
    5.230937876    4.485037891    4.390852291    8.117262664
    5.250975952    4.441073622    4.347769839    8.099980320
    5.271014028    4.395206890    4.304548982    8.066549828
    5.291052104    4.348081815    4.261654086    8.017198454
    5.311090180    4.300742984    4.219805710    7.953550070
    5.331128257    4.254447621    4.179951368    7.878294039
    5.351166333    4.210484746    4.143144922    7.794488022
    5.371204409    4.170027827    4.110413014    7.704965647
    5.391242485    4.134000782    4.082639982    7.612071938
    5.411280561    4.102969991    4.060471334    7.517618715
    5.431318637    4.077100589    4.044228119    7.422899117
    5.451356713    4.056205068    4.033833399    7.328738474
    5.471394790    4.039878588    4.028787299    7.235603621
    5.491432866    4.027674599    4.028253525    7.143703433
    5.511470942    4.019255003    4.031261646    7.052975297
    5.531509018    4.014452900    4.036919168    6.962976621
    5.551547094    4.013206066    4.044503785    6.872853766
    5.571585170    4.015378128    4.053396876    6.781527439
    5.591623246    4.020559715    4.062925222    6.688036061
    5.611661323    4.027971275    4.072248713    6.591835369
    5.631699399    4.036551992    4.080434614    6.492882389
    5.651737475    4.045223522    4.086729474    6.391469133
    5.671775551    4.053201385    4.090849114    6.287926638
    5.691813627    4.060174730    4.093063313    6.182422252
    5.711851703    4.066248131    4.094018930    6.075004369
    5.731889780    4.071686344    4.094435669    5.965829686
    5.751927856    4.076609333    4.094838702    5.855372891
    5.771965932    4.080803408    4.095408432    5.744489597
    5.792004008    4.083755133    4.095966975    5.634340039
    5.812042084    4.084881524    4.096088509    5.526226914
    5.832080160    4.083787958    4.095270124    5.421379068
    5.852118236    4.080371624    4.093074244    5.320733890
    5.872156313    4.074737704    4.089187532    5.224825383
    5.892194389    4.067052405    4.083388876    5.133849826
    5.912232465    4.057461627    4.075451527    5.047840281
    5.932270541    4.046084652    4.065030051    4.966782591
    5.952308617    4.033009650    4.051592252    4.890558490
    5.972346693    4.018250869    4.034436366    4.818761873
    5.992384770    4.001690144    4.012793406    4.750551885
    6.012422846    3.983020011    3.985973584    4.684663216
    6.032460922    3.961672882    3.953499474    4.619568412
    6.052498998    3.936761429    3.915177972    4.553723554
    6.072537074    3.907135506    3.871089477    4.485826039
    6.092575150    3.871628577    3.821523337    4.415027784
    6.112613226    3.829404360    3.766916675    4.341077999
    6.132651303    3.780207573    3.707815732    4.264382433
    6.152689379    3.724401762    3.644841423    4.185948571
    6.172727455    3.662838478    3.578660141    4.107197091
    6.192765531    3.596672855    3.509987466    4.029686920
    6.212803607    3.527200318    3.439622120    3.954871001
    6.232841683    3.455724047    3.368446777    3.883981970
    6.252879760    3.383429841    3.297341010    3.818040182
    6.272917836    3.311251768    3.227035784    3.757903460
    6.292955912    3.239750237    3.157990733    3.704286066
    6.312993988    3.169064503    3.090356801    3.657696790
    6.333032064    3.098992821    3.024045784    3.618298762
    6.353070140    3.029194641    2.958887033    3.585787907
    6.373108216    2.959444561    2.894810748    3.559391412
    6.393146293    2.889826732    2.831978283    3.537983379
    6.413184369    2.820772312    2.770799832    3.520264469
    6.433222445    2.752924955    2.711826500    3.504979322
    6.453260521    2.686920880    2.655561822    3.491135709
    6.473298597    2.623210300    2.602283149    3.478157925
    6.493336673    2.561999520    2.551954548    3.465931851
    6.513374749    2.503317872    2.504263099    3.454744831
    6.533412826    2.447162503    2.458763194    3.445125933
    6.553450902    2.393638993    2.415062724    3.437594300
    6.573488978    2.343006808    2.372943274    3.432399094
    6.593527054    2.295589002    2.332341394    3.429403250
    6.613565130    2.251598455    2.293230651    3.428172911
    6.633603206    2.211001988    2.255522846    3.428151018
    6.653641283    2.173523987    2.219068724    3.428741096
    6.673679359    2.138785481    2.183739356    3.429250239
    6.693717435    2.106477401    2.149510109    3.428795703
    6.713755511    2.076463661    2.116482728    3.426348032
    6.733793587    2.048782809    2.084842947    3.420995690
    6.753831663    2.023581960    2.054806342    3.412293453
    6.773869739    2.001029408    2.026599956    3.400418343
    6.793907816    1.981235831    2.000472335    3.386007849
    6.813945892    1.964198452    1.976690879    3.369844912
    6.833983968    1.949777817    1.955507830    3.352634251
    6.854022044    1.937716904    1.937118170    3.334940101
    6.874060120    1.927700942    1.921642785    3.317200985
    6.894098196    1.919435415    1.909137156    3.299755131
    6.914136273    1.912707713    1.899590663    3.282883602
    6.934174349    1.907407363    1.892893614    3.266878846
    6.954212425    1.903508565    1.888796811    3.252092323
    6.974250501    1.901037136    1.886910575    3.238893013
    6.994288577    1.900031431    1.886760899    3.227537168
    7.014326653    1.900495070    1.887874866    3.218047715
    7.034364729    1.902355570    1.889851949    3.210196668
    7.054402806    1.905454643    1.892397146    3.203590123
    7.074440882    1.909575669    1.895313319    3.197805918
    7.094478958    1.914489571    1.898461813    3.192539112
    7.114517034    1.919999279    1.901719247    3.187700422
    7.134555110    1.925972030    1.904970932    3.183416484
    7.154593186    1.932348933    1.908151867    3.179939168
    7.174631263    1.939121234    1.911292382    3.177520778
    7.194669339    1.946279680    1.914512686    3.176299115
    7.214707415    1.953762630    1.917958728    3.176209248
    7.234745491    1.961426783    1.921722628    3.176952648
    7.254783567    1.969051651    1.925791767    3.178063795
    7.274821643    1.976376838    1.930035176    3.179053100
    7.294859719    1.983152009    1.934209231    3.179534744
    7.314897796    1.989163546    1.937973452    3.179276289
    7.334935872    1.994219344    1.940933002    3.178199661
    7.354973948    1.998108240    1.942719257    3.176388762
    7.375012024    2.000553898    1.943071160    3.174094481
    7.395050100    2.001170460    1.941846039    3.171689874
    7.415088176    1.999440506    1.938927642    3.169566973
    7.435126253    1.994742837    1.934086035    3.168012751
    7.455164329    1.986430316    1.926895909    3.167121871
    7.475202405    1.973936285    1.916785479    3.166793155
    7.495240481    1.956881120    1.903190624    3.166801512
    7.515278557    1.935139074    1.885710266    3.166893222
    7.535316633    1.908845071    1.864181944    3.166864948
    7.555354709    1.878371343    1.838692944    3.166618457
    7.575392786    1.844307732    1.809578017    3.166207365
    7.595430862    1.807435046    1.777397117    3.165891188
    7.615468938    1.768667570    1.742857116    3.166165907
    7.635507014    1.728973450    1.706700948    3.167717124
    7.655545090    1.689301464    1.669638298    3.171304412
    7.675583166    1.650519244    1.632344145    3.177645874
    7.695621242    1.613347055    1.595469763    3.187344938
    7.715659319    1.578299649    1.559615481    3.200847519
    7.735697395    1.545681203    1.525290672    3.218402677
    7.755735471    1.515647906    1.492910194    3.240010800
    7.775773547    1.488291064    1.462819826    3.265369324
    7.795811623    1.463682591    1.435305678    3.293863861
    7.815849699    1.441869493    1.410571589    3.324652803
    7.835887776    1.422841609    1.388706679    3.356818071
    7.855925852    1.406503104    1.369671833    3.389471496
    7.875963928    1.392668962    1.353320790    3.421733217
    7.896002004    1.381087011    1.339448461    3.452628608
    7.916040080    1.371465228    1.327839384    3.481031607
    7.936078156    1.363488258    1.318294141    3.505734714
    7.956116232    1.356830717    1.310630465    3.525627382
    7.976154309    1.351183304    1.304665040    3.539887320
    7.996192385    1.346289709    1.300186497    3.548061656
    8.016230461    1.341970963    1.296934491    3.549990856
    8.036268537    1.338113813    1.294595884    3.545665663
    8.056306613    1.334626490    1.292822316    3.535130965
    8.076344689    1.331397055    1.291269214    3.518446379
    8.096382766    1.328290163    1.289647724    3.495669750
    8.116420842    1.325179221    1.287768214    3.466882370
    8.136458918    1.321975573    1.285551535    3.432281008
    8.156496994    1.318632295    1.283003418    3.392292962
    8.176535070    1.315143081    1.280173062    3.347632573
    8.196573146    1.311560532    1.277123878    3.299263412
    8.216611222    1.308022785    1.273932217    3.248299384
    8.236649299    1.304757825    1.270710297    3.195900166
    8.256687375    1.302051031    1.267632042    3.143186794
    8.276725451    1.300191785    1.264940565    3.091169944
    8.296763527    1.299432038    1.262932942    3.040695403
    8.316801603    1.299976077    1.261930932    2.992438550
    8.336839679    1.301989832    1.262249182    2.946957639
    8.356877756    1.305603449    1.264170358    2.904764957
    8.376915832    1.310893601    1.267927747    2.866356825
    8.396953908    1.317857300    1.273686967    2.832168565
    8.416991984    1.326404228    1.281519284    2.802467801
    8.437030060    1.336381485    1.291369268    2.777243048
    8.457068136    1.347613353    1.303035218    2.756151247
    8.477106212    1.359925838    1.316190793    2.738548484
    8.497144289    1.373151588    1.330460118    2.723579851
    8.517182365    1.387140652    1.345518698    2.710290503
    8.537220441    1.401789636    1.361167137    2.697744175
    8.557258517    1.417061771    1.377343194    2.685155662
    8.577296593    1.432959833    1.394078677    2.672019374
    8.597334669    1.449453841    1.411433114    2.658172224
    8.617372745    1.466413847    1.429434489    2.643742285
    8.637410822    1.483595979    1.448040686    2.629022512
    8.657448898    1.500680943    1.467123378    2.614371034
    8.677486974    1.517332246    1.486474018    2.600188142
    8.697525050    1.533260404    1.505827567    2.586920049
    8.717563126    1.548303904    1.524893112    2.575016042
    8.737601202    1.562503608    1.543380601    2.564831517
    8.757639279    1.576096529    1.561022319    2.556533519
    8.777677355    1.589400925    1.577604987    2.550068120
    8.797715431    1.602678526    1.593029062    2.545218673
    8.817753507    1.616080398    1.607371769    2.541753304
    8.837791583    1.629682676    1.620892541    2.539614442
    8.857829659    1.643538865    1.633948885    2.539056765
    8.877867735    1.657694203    1.646862716    2.540652752
    8.897905812    1.672160557    1.659814255    2.545160010
    8.917943888    1.686875188    1.672817726    2.553319535
    8.937981964    1.701672023    1.685776153    2.565679843
    8.958020040    1.716293154    1.698566459    2.582508498
    8.978058116    1.730447770    1.711105760    2.603797827
    8.998096192    1.743893764    1.723377154    2.629344221
    9.018134269    1.756510663    1.735415711    2.658867164
    9.038172345    1.768347575    1.747278352    2.692112362
    9.058210421    1.779628707    1.759035993    2.728891599
    9.078248497    1.790692873    1.770793068    2.769063335
    9.098286573    1.801874398    1.782693450    2.812486859
    9.118324649    1.813378983    1.794886656    2.858959510
    9.138362725    1.825212380    1.807478079    2.908135089
    9.158400802    1.837188047    1.820494329    2.959460343
    9.178438878    1.849003270    1.833859266    3.012199774
    9.198476954    1.860337232    1.847373011    3.065575843
    9.218515030    1.870915723    1.860723969    3.118933812
    9.238553106    1.880531292    1.873557446    3.171775536
    9.258591182    1.889056604    1.885567323    3.223609587
    9.278629259    1.896474181    1.896554173    3.273734718
    9.298667335    1.902889510    1.906423737    3.321130738
    9.318705411    1.908482328    1.915137162    3.364552043
    9.338743487    1.913408926    1.922647105    3.402776733
    9.358781563    1.917726886    1.928863652    3.434839365
    9.378819639    1.921397340    1.933679580    3.460081363
    9.398857715    1.924347749    1.937043668    3.478016790
    9.418895792    1.926538346    1.939033807    3.488175231
    9.438933868    1.928001105    1.939881191    3.490095525
    9.458971944    1.928859897    1.939934610    3.483532823
    9.479010020    1.929337723    1.939588843    3.468802269
    9.499048096    1.929727907    1.939202342    3.447058124
    9.519086172    1.930318411    1.939027553    3.420275733
    9.539124248    1.931312070    1.939190963    3.390857286
    9.559162325    1.932797332    1.939741434    3.361028177
    9.579200401    1.934770853    1.940723654    3.332313910
    9.599238477    1.937178313    1.942210543    3.305319674
    9.619276553    1.939959552    1.944286228    3.279867560
    9.639314629    1.943096183    1.947025043    3.255371882
    9.659352705    1.946642649    1.950495045    3.231229573
    9.679390782    1.950716937    1.954772100    3.207049864
    9.699428858    1.955451653    1.959940194    3.182703758
    9.719466934    1.960936182    1.966074325    3.158278642
    9.739505010    1.967184567    1.973223732    3.134013155
    9.759543086    1.974140274    1.981411833    3.110235038
    9.779581162    1.981709574    1.990653164    3.087293104
    9.799619238    1.989808388    2.000976737    3.065473535
    9.819657315    1.998399875    2.012440294    3.044911944
    9.839695391    2.007507522    2.025122120    3.025534327
    9.859733467    2.017213705    2.039086015    3.007054164
    9.879771543    2.027653801    2.054324588    2.989026571
    9.899809619    2.038985369    2.070697317    2.970939755
    9.919847695    2.051310572    2.087884896    2.952316033
    9.939885772    2.064581752    2.105380186    2.932801983
    9.959923848    2.078554881    2.122539183    2.912240784
    9.979961924    2.092821712    2.138707794    2.890713462
   10.000000000    2.106900266    2.153391756    2.868517739
