# energy grid [eV]     epsi_x  epsi_y  epsi_z
#
    0.001000000   45.577461873   45.571897029    1.852471829
    0.021038076   40.910265766   40.909906374    0.568689538
    0.041076152   34.480530323   34.479611752    0.438051841
    0.061114228   30.886469289   30.885332766    0.397327425
    0.081152305   28.528145716   28.526930465    0.382588148
    0.101190381   26.781100815   26.779840366    0.377390888
    0.121228457   25.365427948   25.364149614    0.375620054
    0.141266533   24.135781384   24.134530918    0.374550501
    0.161304609   23.007575505   23.006412785    0.372965000
    0.181342685   21.926212085   21.925195352    0.370387814
    0.201380762   20.856387310   20.855557135    0.366609417
    0.221418838   19.780439715   19.779809364    0.361353835
    0.241456914   18.696444547   18.695999431    0.354103201
    0.261494990   17.612327718   17.612033278    0.344156571
    0.281533066   16.538260473   16.538074388    0.330974527
    0.301571142   15.481343964   15.481227240    0.314648683
    0.321609218   14.444590553   14.444514463    0.296116385
    0.341647295   13.428816158   13.428765115    0.276887731
    0.361685371   12.434726539   12.434697774    0.258490704
    0.381723447   11.464501804   11.464501986    0.242037528
    0.401761523   10.523559986   10.523599208    0.228099578
    0.421799599    9.621676587    9.621761496    0.216804516
    0.441837675    8.771847998    8.771977101    0.207997350
    0.461875752    7.987171194    7.987334643    0.201376677
    0.481913828    7.277875107    7.278058622    0.196591667
    0.501951904    6.650257018    6.650447029    0.193310507
    0.521989980    6.107422512    6.107609564    0.191258438
    0.542028056    5.650444938    5.650624455    0.190208906
    0.562066132    5.278895840    5.279067132    0.189931145
    0.582104208    4.990764610    4.990929309    0.190136994
    0.602142285    4.782200170    4.782360759    0.190473421
    0.622180361    4.647267581    4.647426156    0.190568580
    0.642218437    4.577779726    4.577936942    0.190106163
    0.662256513    4.563384829    4.563539054    0.188898700
    0.682294589    4.592058755    4.592205534    0.186936888
    0.702332665    4.650828912    4.650960940    0.184395909
    0.722370741    4.726443345    4.726551144    0.181591650
    0.742408818    4.806134414    4.806207760    0.178903685
    0.762446894    4.878855369    4.878885223    0.176697364
    0.782484970    4.936654445    4.936634807    0.175267060
    0.802523046    4.975189238    4.975118348    0.174803111
    0.822561122    4.993068965    4.992949673    0.175379679
    0.842599198    4.990848542    4.990687879    0.176962921
    0.862637275    4.970358275    4.970166175    0.179435360
    0.882675351    4.934152191    4.933939556    0.182629864
    0.902713427    4.884829631    4.884606374    0.186370960
    0.922751503    4.824547263    4.824321081    0.190519538
    0.942789579    4.755101507    4.754877670    0.195004786
    0.962827655    4.678545943    4.678327826    0.199823249
    0.982865731    4.597861120    4.597651023    0.205004168
    1.002903808    4.517150929    4.516950782    0.210566446
    1.022941884    4.441280603    4.441092293    0.216497031
    1.042979960    4.375264569    4.375089778    0.222759602
    1.063018036    4.323748688    4.323588428    0.229321457
    1.083056112    4.290746471    4.290600756    0.236188285
    1.103094188    4.279545416    4.279413425    0.243445576
    1.123132265    4.292606531    4.292487237    0.251288428
    1.143170341    4.331437799    4.331330672    0.259998427
    1.163208417    4.396536251    4.396441596    0.269853735
    1.183246493    4.487345104    4.487263923    0.281021748
    1.203284569    4.602050399    4.601983982    0.293506795
    1.223322645    4.737257939    4.737207417    0.307187615
    1.243360721    4.887904890    4.887870893    0.321922590
    1.263398798    5.047681020    5.047663537    0.337661072
    1.283436874    5.209792613    5.209791114    0.354492636
    1.303474950    5.367709079    5.367722817    0.372599161
    1.323513026    5.515848815    5.515877102    0.392134333
    1.343551102    5.650391182    5.650433440    0.413102551
    1.363589178    5.770104434    5.770159931    0.435310297
    1.383627255    5.876660325    5.876727600    0.458418301
    1.403665331    5.973905319    5.973981621    0.482061355
    1.423703407    6.066099049    6.066180284    0.505972092
    1.443741483    6.155853971    6.155935376    0.530067952
    1.463779559    6.242750891    6.242828101    0.554491308
    1.483817635    6.323205070    6.323275059    0.579596280
    1.503855711    6.391557389    6.391619007    0.605878243
    1.523893788    6.441760513    6.441814652    0.633859855
    1.543931864    6.468726094    6.468775489    0.663971143
    1.563969940    6.468967290    6.469015763    0.696473654
    1.584008016    6.441031111    6.441082162    0.731458399
    1.604046092    6.386056583    6.386111837    0.768909285
    1.624084168    6.307985388    6.308043786    0.808804299
    1.644122244    6.212992059    6.213050350    0.851212200
    1.664160321    6.108417413    6.108471641    0.896313190
    1.684198397    6.001653690    6.001700747    0.944284538
    1.704236473    5.899104417    5.899142843    0.995088166
    1.724274549    5.805274824    5.805304634    1.048281486
    1.744312625    5.722245094    5.722267018    1.102936824
    1.764350701    5.649805938    5.649820666    1.157662536
    1.784388778    5.586273765    5.586281505    1.210707238
    1.804426854    5.529667635    5.529668105    1.260194401
    1.824464930    5.478733167    5.478725961    1.304531478
    1.844503006    5.433353420    5.433338548    1.342865435
    1.864541082    5.394214275    5.394192571    1.375276718
    1.884579158    5.362020368    5.361993510    1.402522308
    1.904617234    5.336839888    5.336810043    1.425506217
    1.924655311    5.318095992    5.318065301    1.444853628
    1.944693387    5.305258586    5.305228741    1.460796502
    1.964731463    5.298719876    5.298691920    1.473270205
    1.984769539    5.300171312    5.300145662    1.482009153
    2.004807615    5.312199008    5.312175591    1.486600757
    2.024845691    5.337383205    5.337361586    1.486639597
    2.044883768    5.377447357    5.377426811    1.482043849
    2.064921844    5.432862756    5.432842298    1.473367460
    2.084959920    5.502957744    5.502936177    1.461881279
    2.104997996    5.586227265    5.586203357    1.449364939
    2.125036072    5.680478352    5.680451215    1.437728769
    2.145074148    5.782851765    5.782821304    1.428622352
    2.165112224    5.890191688    5.890158845    1.423156178
    2.185150301    5.999981066    5.999947654    1.421815313
    2.205188377    6.111295254    6.111263474    1.424521212
    2.225226453    6.224967638    6.224939603    1.430678415
    2.245264529    6.342773232    6.342750774    1.439114079
    2.265302605    6.466182906    6.466167641    1.448057155
    2.285340681    6.595459391    6.595452796    1.455431729
    2.305378758    6.729564873    6.729568138    1.459546337
    2.325416834    6.866783294    6.866797009    1.459861934
    2.345454910    7.005564682    7.005588560    1.457286398
    2.365492986    7.145209892    7.145242784    1.453689848
    2.385531062    7.286334499    7.286374751    1.450908303
    2.405569138    7.431086898    7.431132866    1.449849140
    2.425607214    7.582872005    7.582922535    1.450168105
    2.445645291    7.745413470    7.745468231    1.450602159
    2.465683367    7.921591332    7.921650937    1.449700180
    2.485721443    8.112786436    8.112852286    1.446512831
    2.505759519    8.318900563    8.318974422    1.440867510
    2.525797595    8.538617790    8.538701251    1.433165537
    2.545835671    8.769536793    8.769630782    1.423976582
    2.565873747    9.008119738    9.008224124    1.413771569
    2.585911824    9.249510709    9.249623973    1.402916738
    2.605949900    9.487382449    9.487501463    1.391816123
    2.625987976    9.714182232    9.714302377    1.381007415
    2.646026052    9.922068682    9.922184478    1.371081025
    2.666064128   10.104352116   10.104458299    1.362442134
    2.686102204   10.256906689   10.256999281    1.355054965
    2.706140281   10.379073106   10.379149986    1.348329428
    2.726178357   10.473693526   10.473754293    1.341251505
    2.746216433   10.546078399   10.546123753    1.332720104
    2.766254509   10.602117802   10.602148847    1.321898355
    2.786292585   10.646207203   10.646224905    1.308397294
    2.806330661   10.679780512   10.679785302    1.292300070
    2.826368737   10.700969555   10.700961131    1.274152089
    2.846406814   10.705335904   10.705313296    1.254948232
    2.866444890   10.687054474   10.687016403    1.236021738
    2.886482966   10.639941972   10.639887381    1.218782719
    2.906521042   10.558331349   10.558259897    1.204411013
    2.926559118   10.438125985   10.438038355    1.193668884
    2.946597194   10.277924206   10.277822195    1.186900267
    2.966635271   10.079572031   10.079458480    1.184154133
    2.986673347    9.847780646    9.847659195    1.185326813
    3.006711423    9.589223069    9.589097716    1.190254820
    3.026749499    9.311694151    9.311568727    1.198740617
    3.046787575    9.023426384    9.023304181    1.210534731
    3.066825651    8.732378523    8.732262190    1.225324852
    3.086863727    8.445528254    8.445419855    1.242761473
    3.106901804    8.168466691    8.168367808    1.262501795
    3.126939880    7.905522358    7.905434196    1.284259168
    3.146977956    7.660235572    7.660159003    1.307873991
    3.167016032    7.435680865    7.435616398    1.333386392
    3.187054108    7.234321538    7.234269280    1.361051731
    3.207092184    7.057589592    7.057549284    1.391284076
    3.227130261    6.905656694    6.905627806    1.424570228
    3.247168337    6.777690220    6.777672047    1.461389422
    3.267206413    6.672517538    6.672509276    1.502143538
    3.287244489    6.589381268    6.589382073    1.547102838
    3.307282565    6.528463913    6.528472945    1.596386377
    3.327320641    6.490950177    6.490966604    1.649998816
    3.347358717    6.478498569    6.478521567    1.707930247
    3.367396794    6.492210097    6.492238835    1.770270782
    3.387434870    6.531466068    6.531499637    1.837232764
    3.407472946    6.593138996    6.593176273    1.909010499
    3.427511022    6.671611246    6.671650729    1.985519139
    3.447549098    6.759760387    6.759800142    2.066115411
    3.467587174    6.850486664    6.850524475    2.149405773
    3.487625251    6.937876894    6.937910603    2.233250020
    3.507663327    7.017442320    7.017470219    2.315040972
    3.527701403    7.085731339    7.085752464    2.392221512
    3.547739479    7.139927816    7.139942032    2.462801871
    3.567777555    7.177685747    7.177693572    2.525547966
    3.587815631    7.197181851    7.197184090    2.579725132
    3.607853707    7.197396719    7.197394073    2.624656833
    3.627891784    7.178585439    7.178578293    2.659531616
    3.647929860    7.142649200    7.142637615    2.683695488
    3.667967936    7.092987895    7.092971762    2.697235277
    3.688006012    7.033678604    7.033657871    2.701374094
    3.708044088    6.968289527    6.968264439    2.698368647
    3.728082164    6.898901020    6.898872301    2.691000768
    3.748120240    6.825870303    6.825839233    2.681955182
    3.768158317    6.748557959    6.748526280    2.673337727
    3.788196393    6.666665467    6.666635121    2.666472835
    3.808234469    6.581389427    6.581362249    2.661936547
    3.828272545    6.495673647    6.495651169    2.659657199
    3.848310621    6.413409011    6.413392439    2.659045218
    3.868348697    6.338120957    6.338111199    2.659317274
    3.888386774    6.271971905    6.271969554    2.660072477
    3.908424850    6.215579008    6.215584289    2.661810125
    3.928462926    6.168576379    6.168589130    2.665976935
    3.948501002    6.130464282    6.130483977    2.674521464
    3.968539078    6.101233335    6.101259080    2.689332590
    3.988577154    6.081512603    6.081543112    2.711887652
    4.008615230    6.072318827    6.072352460    2.743121480
    4.028653307    6.074583142    6.074618042    2.783351376
    4.048691383    6.088582519    6.088616817    2.832140333
    4.068729459    6.113440750    6.113472739    2.888105032
    4.088767535    6.146933995    6.146962238    2.948765294
    4.108805611    6.185782270    6.185805677    3.010592196
    4.128843687    6.226363692    6.226381606    3.069454628
    4.148881764    6.265442246    6.265454539    3.121571139
    4.168919840    6.300477482    6.300484598    3.164717008
    4.188957916    6.329543550    6.329546468    3.199030796
    4.208995992    6.351201009    6.351201143    3.226854241
    4.229034068    6.364461288    6.364460309    3.251730604
    4.249072144    6.368755803    6.368755342    3.277260724
    4.269110220    6.363905404    6.363906686    3.306388850
    4.289148297    6.350158730    6.350162348    3.341189876
    4.309186373    6.328257816    6.328263762    3.382945215
    4.329224449    6.299411288    6.299419234    3.432309854
    4.349262525    6.265112661    6.265122310    3.489457841
    4.369300601    6.226885286    6.226896655    3.554169907
    4.389338677    6.186127051    6.186140509    3.625907640
    4.409376754    6.144101695    6.144117720    3.703914081
    4.429414830    6.101942698    6.101961478    3.787299681
    4.449452906    6.060556396    6.060577551    3.875069197
    4.469490982    6.020444834    6.020467409    3.966112256
    4.489529058    5.981561129    5.981583845    4.059189487
    4.509567134    5.943327239    5.943348863    4.152940083
    4.529605210    5.904850141    5.904869813    4.245977795
    4.549643287    5.865219597    5.865236986    4.337119354
    4.569681363    5.823709663    5.823724896    4.425650969
    4.589719439    5.779784536    5.779797968    4.511441810
    4.609757515    5.732969607    5.732981550    4.594818108
    4.629795591    5.682811874    5.682822380    4.676302711
    4.649833667    5.629126289    5.629135041    4.756373897
    4.669871743    5.572396981    5.572403314    4.835367314
    4.689909820    5.513934838    5.513937882    4.913655844
    4.709947896    5.455601238    5.455600139    4.992130942
    4.729985972    5.399338293    5.399332432    5.072691735
    4.750024048    5.346824342    5.346813499    5.158238097
    4.770062124    5.299301614    5.299286024    5.251933888
    4.790100200    5.257478530    5.257458852    5.356117526
    4.810138277    5.221504482    5.221481707    5.471572226
    4.830176353    5.191035306    5.191010615    5.597588513
    4.850214429    5.165294865    5.165269458    5.732667792
    4.870252505    5.143063242    5.143038171    5.875346753
    4.890290581    5.122716980    5.122692995    6.024693743
    4.910328657    5.102506553    5.102483979    6.180356632
    4.930366733    5.081031529    5.081010227    6.342274565
    4.950404810    5.057637526    5.057617018    6.510209855
    4.970442886    5.032509643    5.032489392    6.683274602
    4.990480962    5.006442775    5.006422516    6.859637906
    5.010519038    4.980350915    4.980330875    7.036530349
    5.030557114    4.954657034    4.954637923    7.210580637
    5.050595190    4.928932173    4.928914923    7.378449702
    5.070633267    4.902134543    4.902119899    7.537591377
    5.090671343    4.873292049    4.873280238    7.686818627
    5.110709419    4.842048999    4.842039657    7.826361654
    5.130747495    4.808691369    4.808683748    7.957347971
    5.150785571    4.773753633    4.773746913    8.080983845
    5.170823647    4.737560176    4.737553686    8.197863216
    5.190861723    4.699982119    4.699975386    8.307589886
    5.210899800    4.660456547    4.660449234    8.408573517
    5.230937876    4.618135917    4.618127746    8.497907352
    5.250975952    4.572069446    4.572060177    8.571501346
    5.271014028    4.521436653    4.521426135    8.624648588
    5.291052104    4.465845198    4.465833469    8.652954723
    5.311090180    4.405620239    4.405607599    8.653365189
    5.331128257    4.341989944    4.341976938    8.624976243
    5.351166333    4.277076882    4.277064190    8.569356334
    5.371204409    4.213623794    4.213612068    8.490249417
    5.391242485    4.154511091    4.154500812    8.392760422
    5.411280561    4.102260381    4.102251788    8.282283571
    5.431318637    4.058685419    4.058678521    8.163520229
    5.451356713    4.024739244    4.024733882    8.039972852
    5.471394790    4.000540435    4.000536370    7.914055963
    5.491432866    3.985508969    3.985505951    7.787469632
    5.511470942    3.978526310    3.978524141    7.661345814
    5.531509018    3.978111106    3.978109677    7.536102027
    5.551547094    3.982664222    3.982663518    7.411310909
    5.571585170    3.990776651    3.990776732    7.285866849
    5.591623246    4.001495674    4.001496636    7.158557715
    5.611661323    4.014430062    4.014431982    7.028919411
    5.631699399    4.029643823    4.029646694    6.897930593
    5.651737475    4.047368201    4.047371872    6.768025334
    5.671775551    4.067619079    4.067623213    6.642284985
    5.691813627    4.089874007    4.089878108    6.523193013
    5.711851703    4.112992412    4.112995919    6.411602182
    5.731889780    4.135439861    4.135442292    6.306454635
    5.751927856    4.155683185    4.155684252    6.205331346
    5.771965932    4.172547008    4.172546642    6.105363164
    5.792004008    4.185383613    4.185381901    6.003948531
    5.812042084    4.194030261    4.194027340    5.899162133
    5.832080160    4.198640781    4.198636705    5.790076725
    5.852118236    4.199500701    4.199495332    5.677075299
    5.872156313    4.196877291    4.196870279    5.561926391
    5.892194389    4.190920254    4.190911165    5.447388349
    5.912232465    4.181634220    4.181622785    5.336448201
    5.932270541    4.168918754    4.168905129    5.231595081
    5.952308617    4.152626824    4.152611720    5.134447716
    5.972346693    4.132600505    4.132585125    5.045745793
    5.992384770    4.108684124    4.108669922    4.965500829
    6.012422846    4.080721866    4.080710233    4.893086034
    6.032460922    4.048521191    4.048513145    4.827192268
    6.052498998    4.011774247    4.011770235    4.765803393
    6.072537074    3.970006188    3.970006062    4.706422135
    6.092575150    3.922673169    3.922676326    4.646580305
    6.112613226    3.869451706    3.869457299    4.584426483
    6.132651303    3.810585970    3.810593070    4.519147410
    6.152689379    3.747068011    3.747075699    4.451084339
    6.172727455    3.680524002    3.680531433    4.381537209
    6.192765531    3.612868087    3.612874579    4.312373531
    6.212803607    3.545896916    3.545902012    4.245578651
    6.232841683    3.480990214    3.480993658    4.182809700
    6.252879760    3.419002038    3.419003713    4.125016820
    6.272917836    3.360307186    3.360307058    4.072246223
    6.292955912    3.304880881    3.304878967    4.023685888
    6.312993988    3.252325526    3.252321870    3.977931539
    6.333032064    3.201869203    3.201863858    3.933433756
    6.353070140    3.152432967    3.152425996    3.889014329
    6.373108216    3.102822542    3.102814030    3.844219338
    6.393146293    3.051969146    3.051959209    3.799344084
    6.413184369    2.999099853    2.999088660    3.755189191
    6.433222445    2.943818648    2.943806471    3.712706733
    6.453260521    2.886152703    2.886139952    3.672657152
    6.473298597    2.826587224    2.826574386    3.635376958
    6.493336673    2.766056450    2.766043963    3.600735083
    6.513374749    2.705834928    2.705823107    3.568286125
    6.533412826    2.647312289    2.647301356    3.537548811
    6.553450902    2.591718447    2.591708610    3.508258874
    6.573488978    2.539900951    2.539892419    3.480437948
    6.593527054    2.492203887    2.492196814    3.454267858
    6.613565130    2.448442613    2.448437022    3.429922639
    6.633603206    2.407983014    2.407978744    3.407500122
    6.653641283    2.369958863    2.369955580    3.387061750
    6.673679359    2.333606263    2.333603529    3.368724318
    6.693717435    2.298580029    2.298577419    3.352777401
    6.713755511    2.265062703    2.265059926    3.339751152
    6.733793587    2.233598375    2.233595312    3.330266986
    6.753831663    2.204800000    2.204796639    3.324639802
    6.773869739    2.179143531    2.179139855    3.322485109
    6.793907816    2.156923481    2.156919400    3.322637008
    6.813945892    2.138281999    2.138277362    3.323437507
    6.833983968    2.123186097    2.123180762    3.323204910
    6.854022044    2.111342040    2.111335959    3.320644070
    6.874060120    2.102170994    2.102164282    3.315053367
    6.894098196    2.094947191    2.094940137    3.306288748
    6.914136273    2.089042890    2.089035896    3.294553966
    6.934174349    2.084112891    2.084106399    3.280160544
    6.954212425    2.080095772    2.080090223    3.263376163
    6.974250501    2.077068574    2.077064402    3.244407937
    6.994288577    2.075097780    2.075095389    3.223535036
    7.014326653    2.074165048    2.074164759    3.201345962
    7.034364729    2.074127822    2.074129796    3.178899174
    7.054402806    2.074681325    2.074685458    3.157606522
    7.074440882    2.075366137    2.075371983    3.138835247
    7.094478958    2.075649011    2.075655780    3.123427108
    7.114517034    2.075025668    2.075032336    3.111388149
    7.134555110    2.073098810    2.073104305    3.101912840
    7.154593186    2.069665590    2.069668967    3.093709191
    7.174631263    2.064854433    2.064855016    3.085429883
    7.194669339    2.059232826    2.059230290    3.076027245
    7.214707415    2.053740633    2.053735021    3.064971329
    7.234745491    2.049425466    2.049417127    3.052347438
    7.254783567    2.047133565    2.047123047    3.038842737
    7.274821643    2.047329917    2.047317851    3.025610600
    7.294859719    2.050079624    2.050066631    3.014020352
    7.314897796    2.055103801    2.055090434    3.005348575
    7.334935872    2.061852061    2.061838782    3.000510094
    7.354973948    2.069611616    2.069598799    2.999909423
    7.375012024    2.077654730    2.077642686    3.003409887
    7.395050100    2.085353964    2.085342954    3.010373452
    7.415088176    2.092190883    2.092181101    3.019777993
    7.435126253    2.097643029    2.097634570    3.030453155
    7.455164329    2.100999137    2.100991986    3.041398594
    7.475202405    2.101217639    2.101211709    3.052055875
    7.495240481    2.096952319    2.096947494    3.062421110
    7.515278557    2.086771754    2.086767902    3.072988605
    7.535316633    2.069485674    2.069482615    3.084583630
    7.555354709    2.044458766    2.044456214    3.098134180
    7.575392786    2.011811984    2.011809546    3.114431968
    7.595430862    1.972436209    1.972433445    3.133959402
    7.615468938    1.927802483    1.927799010    3.156835183
    7.635507014    1.879648363    1.879643935    3.182847498
    7.655545090    1.829678286    1.829672833    3.211480829
    7.675583166    1.779393201    1.779386817    3.241895721
    7.695621242    1.730074421    1.730067328    3.272955766
    7.715659319    1.682843447    1.682835944    3.303431019
    7.735697395    1.638680854    1.638673250    3.332375248
    7.755735471    1.598346727    1.598339258    3.359498384
    7.775773547    1.562255086    1.562247838    3.385291993
    7.795811623    1.530412128    1.530404995    3.410778613
    7.815849699    1.502478034    1.502470776    3.436975693
    7.835887776    1.477924311    1.477916684    3.464340235
    7.855925852    1.456218672    1.456210569    3.492457206
    7.875963928    1.436970008    1.436961513    3.520094698
    7.896002004    1.419982230    1.419973580    3.545624858
    7.916040080    1.405212108    1.405203580    3.567696978
    7.936078156    1.392681068    1.392672887    3.585847836
    7.956116232    1.382398582    1.382390877    3.600616137
    7.976154309    1.374316984    1.374309793    3.613027485
    7.996192385    1.368312201    1.368305494    3.623849660
    8.016230461    1.364185325    1.364179026    3.633159003
    8.036268537    1.361670296    1.361664316    3.640390759
    8.056306613    1.360428564    1.360422821    3.644648646
    8.076344689    1.360043186    1.360037611    3.644975093
    8.096382766    1.360045920    1.360040440    3.640459516
    8.116420842    1.359979048    1.359973579    3.630252104
    8.136458918    1.359457979    1.359452444    3.613650898
    8.156496994    1.358215797    1.358210152    3.590334526
    8.176535070    1.356139204    1.356133448    3.560531905
    8.196573146    1.353286773    1.353280934    3.524863923
    8.216611222    1.349849558    1.349843662    3.483952931
    8.236649299    1.346046809    1.346040847    3.438192020
    8.256687375    1.342021014    1.342014914    3.387893645
    8.276725451    1.337807544    1.337801185    3.333648970
    8.296763527    1.333391458    1.333384719    3.276557088
    8.316801603    1.328806180    1.328798997    3.218113577
    8.336839679    1.324216454    1.324208877    3.159834490
    8.356877756    1.319943249    1.319935450    3.102923789
    8.376915832    1.316416824    1.316409043    3.048238634
    8.396953908    1.314081762    1.314074230    2.996506436
    8.416991984    1.313306405    1.313299277    2.948536090
    8.437030060    1.314341101    1.314334432    2.905231716
    8.457068136    1.317324686    1.317318448    2.867413072
    8.477106212    1.322304081    1.322298193    2.835553145
    8.497144289    1.329242901    1.329237256    2.809534963
    8.517182365    1.338023182    1.338017661    2.788517494
    8.537220441    1.348450059    1.348444545    2.770997234
    8.557258517    1.360262784    1.360257175    2.755087906
    8.577296593    1.373160079    1.373154294    2.738937806
    8.597334669    1.386846265    1.386840249    2.721140985
    8.617372745    1.401077185    1.401070929    2.701003581
    8.637410822    1.415663541    1.415657105    2.678590647
    8.657448898    1.430413898    1.430407427    2.654571696
    8.677486974    1.445060921    1.445054612    2.629945203
    8.697525050    1.459257357    1.459251398    2.605731698
    8.717563126    1.472686833    1.472681340    2.582722050
    8.737601202    1.485218844    1.485213829    2.561343709
    8.757639279    1.496980449    1.496975827    2.541647738
    8.777677355    1.508292153    1.508287780    2.523379502
    8.797715431    1.519519542    1.519515270    2.506098587
    8.817753507    1.530933091    1.530928812    2.489334227
    8.837791583    1.542646457    1.542642132    2.472767705
    8.857829659    1.554641234    1.554636899    2.456392787
    8.877867735    1.566829386    1.566825145    2.440576012
    8.897905812    1.579096641    1.579092624    2.425991764
    8.917943888    1.591305077    1.591301400    2.413483644
    8.937981964    1.603282848    1.603279581    2.403918994
    8.958020040    1.614855738    1.614852885    2.398077186
    8.978058116    1.625937519    1.625935015    2.396592486
    8.998096192    1.636620055    1.636617794    2.399961216
    9.018134269    1.647186308    1.647184161    2.408593623
    9.038172345    1.658039136    1.658036977    2.422837311
    9.058210421    1.669601243    1.669598940    2.442893646
    9.078248497    1.682223863    1.682221283    2.468661432
    9.098286573    1.696105484    1.696102492    2.499667184
    9.118324649    1.711236737    1.711233231    2.535200334
    9.138362725    1.727397694    1.727393649    2.574602355
    9.158400802    1.744189638    1.744185156    2.617547918
    9.178438878    1.761064090    1.761059417    2.664173155
    9.198476954    1.777365216    1.777360696    2.714997892
    9.218515030    1.792438154    1.792434109    2.770678762
    9.238553106    1.805795112    1.805791724    2.831673459
    9.258591182    1.817235040    1.817232281    2.897919663
    9.278629259    1.826821025    1.826818683    2.968660958
    9.298667335    1.834753853    1.834751610    3.042502997
    9.318705411    1.841264601    1.841262130    3.117628518
    9.338743487    1.846568168    1.846565200    3.192012202
    9.358781563    1.850829706    1.850826090    3.263556286
    9.378819639    1.854136575    1.854132300    3.330197608
    9.398857715    1.856520958    1.856516155    3.390072816
    9.418895792    1.858031827    1.858026729    3.441730178
    9.438933868    1.858802238    1.858797121    3.484264089
    9.458971944    1.859082161    1.859077291    3.517288744
    9.479010020    1.859234751    1.859230342    3.540792485
    9.499048096    1.859685264    1.859681459    3.554966713
    9.519086172    1.860830649    1.860827502    3.560111220
    9.539124248    1.862961014    1.862958482    3.556672476
    9.559162325    1.866241312    1.866239267    3.545338873
    9.579200401    1.870740804    1.870739077    3.527072385
    9.599238477    1.876451842    1.876450279    3.503057429
    9.619276553    1.883277989    1.883276481    3.474600441
    9.639314629    1.891033892    1.891032380    3.442989956
    9.659352705    1.899483891    1.899482346    3.409364369
    9.679390782    1.908394314    1.908392725    3.374664143
    9.699428858    1.917572477    1.917570845    3.339648054
    9.719466934    1.926888429    1.926886754    3.304889609
    9.739505010    1.936280211    1.936278483    3.270769240
    9.759543086    1.945751665    1.945749850    3.237543092
    9.779581162    1.955377839    1.955375894    3.205459001
    9.799619238    1.965306743    1.965304618    3.174793972
    9.819657315    1.975726972    1.975724619    3.145768477
    9.839695391    1.986803391    1.986800779    3.118428589
    9.859733467    1.998627742    1.998624874    3.092616667
    9.879771543    2.011219612    2.011216535    3.068072514
    9.899809619    2.024553942    2.024550735    3.044585349
    9.919847695    2.038572913    2.038569649    3.022052640
    9.939885772    2.053187173    2.053183883    3.000394899
    9.959923848    2.068300247    2.068296883    2.979448434
    9.979961924    2.083853874    2.083850316    2.958989200
   10.000000000    2.099844305    2.099840407    2.938883794
