# energy grid [eV]     epsi_x  epsi_y  epsi_z
#
    0.001000000   50.102107064   45.252499120    2.707195065
    0.021038076   41.916397636   35.852065750    0.656922586
    0.041076152   35.113325503   30.689398836    0.505006670
    0.061114228   31.527969516   28.000172875    0.449426486
    0.081152305   29.440782749   26.425355903    0.423617832
    0.101190381   28.144440628   25.399307696    0.411784533
    0.121228457   27.292612939   24.656038559    0.407600715
    0.141266533   26.691945275   24.056868609    0.407945397
    0.161304609   26.222732119   23.517144699    0.411196063
    0.181342685   25.806175558   22.977381764    0.416535734
    0.201380762   25.388963955   22.395170762    0.423583409
    0.221418838   24.933614211   21.745116918    0.432167887
    0.241456914   24.412631728   21.019798620    0.442190216
    0.261494990   23.807989298   20.228520112    0.453533352
    0.281533066   23.114448650   19.392480963    0.465971273
    0.301571142   22.341601784   18.536767502    0.479064188
    0.321609218   21.510459085   17.682263072    0.492090726
    0.341647295   20.645766410   16.841835028    0.504101507
    0.361685371   19.768824110   16.022211993    0.514126514
    0.381723447   18.893701658   15.228318931    0.521446562
    0.401761523   18.026924598   14.466253522    0.525768615
    0.421799599   17.170307882   13.744217357    0.527224114
    0.441837675   16.325783431   13.072219125    0.526257777
    0.461875752   15.499112684   12.460439858    0.523511736
    0.481913828   14.699905630   11.916081862    0.519718583
    0.501951904   13.938582895   11.439855083    0.515573526
    0.521989980   13.222897635   11.023928497    0.511615159
    0.542028056   12.555936069   10.652692491    0.508166383
    0.562066132   11.936039357   10.306673452    0.505325424
    0.582104208   11.358226305    9.968127310    0.502948641
    0.602142285   10.816286025    9.625140703    0.500592827
    0.622180361   10.304643382    9.272155903    0.497463428
    0.642218437    9.819604353    8.908065628    0.492484028
    0.662256513    9.360096109    8.534427876    0.484580457
    0.682294589    8.927857180    8.154974417    0.473115071
    0.702332665    8.526809065    7.775862876    0.458218105
    0.722370741    8.161786333    7.405665521    0.440774937
    0.742408818    7.837322514    7.054625275    0.422090509
    0.762446894    7.556921421    6.733337765    0.403481424
    0.782484970    7.322613496    6.451262176    0.386013151
    0.802523046    7.134433448    6.215384846    0.370423784
    0.822561122    6.989673826    6.029196380    0.357162090
    0.842599198    6.882065879    5.892018405    0.346457515
    0.862637275    6.801503894    5.798718207    0.338378036
    0.882675351    6.735340060    5.740133142    0.332867774
    0.902713427    6.671826068    5.704784859    0.329771175
    0.922751503    6.604635222    5.681951873    0.328855565
    0.942789579    6.535836176    5.664963599    0.329847971
    0.962827655    6.475112369    5.652922209    0.332490907
    0.982865731    6.435521741    5.649854765    0.336594843
    1.002903808    6.428407753    5.661946907    0.342055472
    1.022941884    6.460079811    5.694547421    0.348831177
    1.042979960    6.531032195    5.750322993    0.356910509
    1.063018036    6.636739702    5.828844694    0.366300922
    1.083056112    6.768602501    5.927031647    0.377037101
    1.103094188    6.914431501    6.039842013    0.389179243
    1.123132265    7.059247829    6.161121774    0.402784163
    1.143170341    7.187785063    6.284823273    0.417869910
    1.163208417    7.288855150    6.406475947    0.434408695
    1.183246493    7.359352802    6.524210479    0.452354597
    1.203284569    7.404816701    6.638590480    0.471675057
    1.223322645    7.435839870    6.751309838    0.492353026
    1.243360721    7.462951980    6.863724300    0.514359923
    1.263398798    7.493231790    6.976209153    0.537623026
    1.283436874    7.529686959    7.088519957    0.562009166
    1.303474950    7.572280162    7.200560053    0.587347155
    1.323513026    7.619240887    7.312832833    0.613503052
    1.343551102    7.668157240    7.426249612    0.640473595
    1.363589178    7.716821710    7.541378105    0.668420882
    1.383627255    7.763760382    7.657468550    0.697607982
    1.403665331    7.808364914    7.771819912    0.728275767
    1.423703407    7.850666120    7.880059309    0.760533791
    1.443741483    7.890858832    7.977362662    0.794307280
    1.463779559    7.928719536    8.059891746    0.829338763
    1.483817635    7.963143142    8.125625369    0.865231909
    1.503855711    7.992105351    8.174384324    0.901553793
    1.523893788    8.013191903    8.207298876    0.938020705
    1.543931864    8.024445522    8.225991290    0.974707833
    1.563969940    8.025079467    8.231856199    1.012119902
    1.584008016    8.015724066    8.225877070    1.051023577
    1.604046092    7.998093234    8.209022272    1.092148278
    1.624084168    7.974167100    8.182780703    1.135958351
    1.644122244    7.945104869    8.149274856    1.182592784
    1.664160321    7.910226939    8.110700108    1.231927102
    1.684198397    7.866668607    8.068412695    1.283680631
    1.704236473    7.810264962    8.022285565    1.337528793
    1.724274549    7.737452221    7.970689286    1.393190376
    1.744312625    7.647062086    7.911069567    1.450449104
    1.764350701    7.540921809    7.840923219    1.509080944
    1.784388778    7.423193558    7.758867036    1.568693224
    1.804426854    7.299210783    7.665369991    1.628539779
    1.824464930    7.174462436    7.562784818    1.687446263
    1.844503006    7.053889853    7.454662439    1.743966661
    1.864541082    6.941448640    7.344737837    1.796727353
    1.884579158    6.839875994    7.236122600    1.844727698
    1.904617234    6.750605716    7.131010167    1.887381201
    1.924655311    6.673838335    7.030832116    1.924317877
    1.944693387    6.608806758    6.936605324    1.955183590
    1.964731463    6.554140224    6.849188705    1.979646827
    1.984769539    6.508136838    6.769312239    1.997600568
    2.004807615    6.468914622    6.697513482    2.009363814
    2.024845691    6.434582074    6.634180963    2.015710768
    2.044883768    6.403516617    6.579681590    2.017722877
    2.064921844    6.374685906    6.534425942    2.016580943
    2.084959920    6.347850671    6.498837217    2.013391560
    2.104997996    6.323517439    6.473293523    2.009064577
    2.125036072    6.302672833    6.458112450    2.004242370
    2.145074148    6.286461006    6.453630863    1.999298857
    2.165112224    6.275957748    6.460370593    1.994408918
    2.185150301    6.272127206    6.479139925    1.989659450
    2.205188377    6.275937848    6.510893764    1.985176555
    2.225226453    6.288490509    6.556359179    1.981247922
    2.245264529    6.310994077    6.615596658    1.978379131
    2.265302605    6.344563678    6.687665150    1.977194864
    2.285340681    6.390004647    6.770516467    1.978168385
    2.305378758    6.447789259    6.861244450    1.981289523
    2.325416834    6.518252376    6.956746085    1.985840990
    2.345454910    6.601777312    7.054603097    1.990408579
    2.365492986    6.698704485    7.153763794    1.993154375
    2.385531062    6.808961668    7.254713865    1.992294097
    2.405569138    6.931678027    7.359140623    1.986640860
    2.425607214    7.065040081    7.469289023    1.975986680
    2.445645291    7.206480832    7.587274976    1.961096098
    2.465683367    7.353123111    7.714556604    1.943302468
    2.485721443    7.502257902    7.851527258    1.923967918
    2.505759519    7.651640333    7.997151400    1.904117984
    2.525797595    7.799571206    8.148847513    1.884377018
    2.545835671    7.944867793    8.302869125    1.865105079
    2.565873747    8.086808732    8.455072597    1.846536324
    2.585911824    8.225081379    8.601728113    1.828804494
    2.605949900    8.359685374    8.740133060    1.811915378
    2.625987976    8.490681943    8.868918452    1.795779988
    2.646026052    8.617771245    8.987981703    1.780308375
    2.666064128    8.739897333    9.098044534    1.765484048
    2.686102204    8.855146625    9.199928277    1.751407110
    2.706140281    8.961014416    9.293738224    1.738351147
    2.726178357    9.054899482    9.378255578    1.726800198
    2.746216433    9.134643828    9.450826811    1.717363190
    2.766254509    9.198959373    9.507850102    1.710560667
    2.786292585    9.247566445    9.545720035    1.706626520
    2.806330661    9.280921610    9.561899779    1.705457331
    2.826368737    9.299609187    9.555662214    1.706701064
    2.846406814    9.303722342    9.528142152    1.709891429
    2.866444890    9.292681897    9.481768516    1.714560166
    2.886482966    9.265670746    9.419499200    1.720314764
    2.906521042    9.222317382    9.344172013    1.726887637
    2.926559118    9.163052354    9.257999758    1.734138913
    2.946597194    9.088945397    9.162202210    1.741986819
    2.966635271    9.001349855    9.056900167    1.750302957
    2.986673347    8.901728256    8.941403321    1.758880960
    3.006711423    8.791614440    8.814837574    1.767545835
    3.026749499    8.672405736    8.676790460    1.776330637
    3.046787575    8.544924641    8.527575010    1.785565899
    3.066825651    8.409107906    8.368099537    1.795808936
    3.086863727    8.264248961    8.199795575    1.807678572
    3.106901804    8.109810365    8.024886076    1.821687332
    3.126939880    7.946353128    7.846721362    1.838103641
    3.146977956    7.776060211    7.669767178    1.856861408
    3.167016032    7.602625411    7.499121929    1.877558063
    3.187054108    7.430610137    7.339695822    1.899560390
    3.207092184    7.264588355    7.195316353    1.922183060
    3.227130261    7.108478233    7.068139682    1.944884754
    3.247168337    6.965317285    6.958696795    1.967426349
    3.267206413    6.837421396    6.866550647    1.989917932
    3.287244489    6.726625589    6.791108180    2.012710015
    3.307282565    6.634333181    6.732028672    2.036188054
    3.327320641    6.561340439    6.689013917    2.060587438
    3.347358717    6.507620565    6.661225628    2.085909454
    3.367396794    6.472288985    6.646763109    2.111980681
    3.387434870    6.453833257    6.642509345    2.138662254
    3.407472946    6.450489458    6.644474148    2.166112026
    3.427511022    6.460559381    6.648632566    2.194914729
    3.447549098    6.482514892    6.651985916    2.225966238
    3.467587174    6.514811100    6.653258588    2.260167135
    3.487625251    6.555463221    6.652789294    2.298069998
    3.507663327    6.601663752    6.651769875    2.339610578
    3.527701403    6.649795108    6.651356629    2.384022516
    3.547739479    6.695983154    6.652036560    2.429997048
    3.567777555    6.736964796    6.653317145    2.476058014
    3.587815631    6.770714687    6.653664492    2.520998766
    3.607853707    6.796361861    6.650686175    2.564159537
    3.627891784    6.813551179    6.641622405    2.605394373
    3.647929860    6.821889949    6.624063525    2.644776780
    3.667967936    6.820899306    6.596628456    2.682264719
    3.688006012    6.810342699    6.559362270    2.717528334
    3.708044088    6.790536902    6.513728301    2.749985939
    3.728082164    6.762385131    6.462174929    2.778975159
    3.748120240    6.727132317    6.407412456    2.803983273
    3.768158317    6.686009629    6.351684433    2.824876205
    3.788196393    6.639989105    6.296331751    2.842027812
    3.808234469    6.589776820    6.241785678    2.856266623
    3.828272545    6.535980666    6.187883741    2.868686672
    3.848310621    6.479266064    6.134264444    2.880453955
    3.868348697    6.420356897    6.080655179    2.892665863
    3.888386774    6.359931492    6.027023047    2.906227480
    3.908424850    6.298623512    5.973662500    2.921731931
    3.928462926    6.237233500    5.921288062    2.939383279
    3.948501002    6.176967230    5.871114361    2.958978589
    3.968539078    6.119420811    5.824838543    2.979922544
    3.988577154    6.066263942    5.784455115    3.001260270
    4.008615230    6.018818580    5.751895850    3.021779605
    4.028653307    5.977759905    5.728587555    3.040263482
    4.048691383    5.943068868    5.715136740    3.055874711
    4.068729459    5.914225490    5.711330814    3.068490594
    4.088767535    5.890480668    5.716409090    3.078751703
    4.108805611    5.871024947    5.729334226    3.087740201
    4.128843687    5.855031832    5.748835385    3.096458985
    4.148881764    5.841658201    5.773209871    3.105430535
    4.168919840    5.830002054    5.800065584    3.114641163
    4.188957916    5.818966356    5.826284365    3.123799364
    4.208995992    5.807121165    5.848404067    3.132678997
    4.229034068    5.792781886    5.863342665    3.141338650
    4.249072144    5.774384111    5.869133023    3.150177252
    4.269110220    5.750946600    5.865299360    3.159900237
    4.289148297    5.722292319    5.852672408    3.171444839
    4.309186373    5.688875956    5.832712539    3.185855006
    4.329224449    5.651364814    5.806664070    3.204116628
    4.349262525    5.610291836    5.774969851    3.227012320
    4.369300601    5.566021733    5.737244992    3.255040474
    4.389338677    5.518974704    5.692757485    3.288387944
    4.409376754    5.469807967    5.641046747    3.326927391
    4.429414830    5.419345259    5.582322507    3.370237065
    4.449452906    5.368323821    5.517544777    3.417661800
    4.469490982    5.317146904    5.448266104    3.468414133
    4.489529058    5.265755112    5.376317751    3.521669220
    4.509567134    5.213649397    5.303404013    3.576595472
    4.529605210    5.160070780    5.230730482    3.632322723
    4.549643287    5.104299958    5.158842191    3.687937747
    4.569681363    5.045961884    5.087775413    3.742617928
    4.589719439    4.985177286    5.017428817    3.795909334
    4.609757515    4.922489391    4.947901741    3.847981004
    4.629795591    4.858670484    4.879612556    3.899621960
    4.649833667    4.794572007    4.813206966    3.951921111
    4.669871743    4.731058754    4.749383883    4.005849448
    4.689909820    4.668957154    4.688763567    4.062035334
    4.709947896    4.608961712    4.631835587    4.120789239
    4.729985972    4.551509724    4.578913436    4.182179967
    4.750024048    4.496689102    4.530011964    4.245985189
    4.770062124    4.444257459    4.484675178    4.311575922
    4.790100200    4.393793332    4.441882841    4.377947326
    4.810138277    4.344905915    4.400154767    4.444001979
    4.830176353    4.297382985    4.357868792    4.508949958
    4.850214429    4.251195899    4.313683821    4.572566886
    4.870252505    4.206369602    4.266877908    4.635172845
    4.890290581    4.162806561    4.217417845    4.697422647
    4.910328657    4.120189473    4.165722447    4.760078275
    4.930366733    4.078046048    4.112307162    4.823827509
    4.950404810    4.035938849    4.057579297    4.889101141
    4.970442886    3.993649952    4.001899208    4.955860771
    4.990480962    3.951252379    3.945792589    5.023445714
    5.010519038    3.909040201    3.890073377    5.090629225
    5.030557114    3.867350178    3.835711203    5.155909222
    5.050595190    3.826343181    3.783511137    5.217839572
    5.070633267    3.785836266    3.733849285    5.275163061
    5.090671343    3.745275045    3.686651328    5.326714374
    5.110709419    3.703873628    3.641576392    5.371284567
    5.130747495    3.660848330    3.598200115    5.407649458
    5.150785571    3.615633200    3.556051514    5.434792114
    5.170823647    3.568007587    3.514551552    5.452171519
    5.190861723    3.518108489    3.472983060    5.459846692
    5.210899800    3.466323165    3.430544331    5.458387852
    5.230937876    3.413088401    3.386444210    5.448678157
    5.250975952    3.358671524    3.339990348    5.431731519
    5.271014028    3.303048850    3.290668317    5.408514295
    5.291052104    3.245961360    3.238220575    5.379705084
    5.311090180    3.187112807    3.182714652    5.345459143
    5.331128257    3.126395971    3.124581839    5.305360274
    5.351166333    3.064055034    3.064602606    5.258675512
    5.371204409    3.000756371    3.003819794    5.204816883
    5.391242485    2.937573567    2.943409152    5.143712733
    5.411280561    2.875888966    2.884578386    5.075814522
    5.431318637    2.817222026    2.828526351    5.001784933
    5.451356713    2.763034474    2.776418310    4.922211098
    5.471394790    2.714572989    2.729315674    4.837595190
    5.491432866    2.672766418    2.688055334    4.748539947
    5.511470942    2.638165124    2.653131089    4.655892347
    5.531509018    2.610924258    2.624628131    4.560718749
    5.551547094    2.590838075    2.602227811    4.464153681
    5.571585170    2.577402673    2.585274425    4.367241166
    5.591623246    2.569863003    2.572884827    4.270854579
    5.611661323    2.567235616    2.564087946    4.175702707
    5.631699399    2.568358692    2.557982292    4.082374548
    5.651737475    2.572018845    2.553871352    3.991369030
    5.671775551    2.577127951    2.551319787    3.903085349
    5.691813627    2.582861215    2.550114636    3.817791103
    5.711851703    2.588692421    2.550179446    3.735614941
    5.731889780    2.594339045    2.551507356    3.656594751
    5.751927856    2.599674377    2.554140978    3.580746760
    5.771965932    2.604649833    2.558170692    3.508079550
    5.792004008    2.609233979    2.563695585    3.438526328
    5.812042084    2.613358375    2.570720510    3.371854194
    5.832080160    2.616883806    2.579031777    3.307641674
    5.852118236    2.619624106    2.588140124    3.245377612
    5.872156313    2.621429863    2.597343080    3.184646350
    5.892194389    2.622268247    2.605863722    3.125282329
    5.912232465    2.622223277    2.612970365    3.067385020
    5.932270541    2.621407660    2.618022048    3.011182432
    5.952308617    2.619853039    2.620462339    2.956815718
    5.972346693    2.617450385    2.619816404    2.904138835
    5.992384770    2.613954168    2.615707684    2.852625437
    6.012422846    2.609018771    2.607863705    2.801446369
    6.032460922    2.602240936    2.596099463    2.749698613
    6.052498998    2.593208498    2.580317675    2.696682389
    6.072537074    2.581564345    2.560555403    2.642102827
    6.092575150    2.567069033    2.537037018    2.586119843
    6.112613226    2.549611843    2.510160585    2.529258106
    6.132651303    2.529140330    2.480396254    2.472263339
    6.152689379    2.505562050    2.448152182    2.415985393
    6.172727455    2.478725536    2.413687727    2.361294495
    6.192765531    2.448523513    2.377115115    2.308990950
    6.212803607    2.415031440    2.338474883    2.259702392
    6.232841683    2.378545560    2.297832647    2.213812188
    6.252879760    2.339478842    2.255343176    2.171456150
    6.272917836    2.298201979    2.211262504    2.132575368
    6.292955912    2.254944081    2.165925172    2.096979305
    6.312993988    2.209796827    2.119707516    2.064388505
    6.333032064    2.162783032    2.072978949    2.034457697
    6.353070140    2.113921249    2.026034606    2.006786852
    6.373108216    2.063259242    1.979019571    1.980926848
    6.393146293    2.010898577    1.931879067    1.956401115
    6.413184369    1.957018679    1.884368787    1.932763712
    6.433222445    1.901872840    1.836126037    1.909673166
    6.453260521    1.845747596    1.786764474    1.886934675
    6.473298597    1.788920420    1.735956681    1.864495690
    6.493336673    1.731643786    1.683502272    1.842421400
    6.513374749    1.674143083    1.629386126    1.820872583
    6.533412826    1.616607265    1.573802761    1.800083396
    6.553450902    1.559176946    1.517116347    1.780337608
    6.573488978    1.501950310    1.459770219    1.761952381
    6.593527054    1.445009133    1.402207413    1.745265975
    6.613565130    1.388442852    1.344851622    1.730609093
    6.633603206    1.332359090    1.288135790    1.718244237
    6.653641283    1.276896624    1.232525131    1.708280511
    6.673679359    1.222249695    1.178498419    1.700597684
    6.693717435    1.168682963    1.126490372    1.694823270
    6.713755511    1.116520970    1.076823953    1.690388425
    6.733793587    1.066123958    1.029671762    1.686652135
    6.753831663    1.017861489    0.985073557    1.683053347
    6.773869739    0.972077984    0.942996987    1.679237351
    6.793907816    0.929050129    0.903396150    1.675105474
    6.813945892    0.888954058    0.866236524    1.670769359
    6.833983968    0.851856450    0.831492564    1.666442459
    6.854022044    0.817722979    0.799137461    1.662325453
    6.874060120    0.786431119    0.769131572    1.658526117
    6.894098196    0.757788376    0.741408656    1.655028499
    6.914136273    0.731564317    0.715866665    1.651706298
    6.934174349    0.707530888    0.692372367    1.648356760
    6.954212425    0.685490930    0.670778241    1.644723320
    6.974250501    0.665280971    0.650939584    1.640491238
    6.994288577    0.646754058    0.632720678    1.635273737
    7.014326653    0.629760311    0.615989918    1.628629245
    7.034364729    0.614138656    0.600614809    1.620135636
    7.054402806    0.599722346    0.586466020    1.609496125
    7.074440882    0.586354425    0.573426751    1.596608528
    7.094478958    0.573905424    0.561396713    1.581550128
    7.114517034    0.562281347    0.550286023    1.564507935
    7.134555110    0.551414034    0.540002720    1.545733981
    7.154593186    0.541240006    0.530439922    1.525560610
    7.174631263    0.531682366    0.521467031    1.504426933
    7.194669339    0.522644725    0.512929095    1.482853728
    7.214707415    0.514016797    0.504660029    1.461368778
    7.234745491    0.505687798    0.496512529    1.440439214
    7.254783567    0.497563098    0.488395229    1.420454894
    7.274821643    0.489577976    0.480294873    1.401750953
    7.294859719    0.481702863    0.472266389    1.384610820
    7.314897796    0.473939140    0.464396596    1.369204799
    7.334935872    0.466309012    0.456764539    1.355499131
    7.354973948    0.458843488    0.449416850    1.343225610
    7.375012024    0.451570902    0.442360843    1.331953979
    7.395050100    0.444507121    0.435570370    1.321221579
    7.415088176    0.437649127    0.428999439    1.310642784
    7.435126253    0.430974934    0.422596043    1.299947952
    7.455164329    0.424452191    0.416308883    1.288953231
    7.475202405    0.418053718    0.410090102    1.277511462
    7.495240481    0.411772919    0.403903667    1.265504698
    7.515278557    0.405629399    0.397738077    1.252889607
    7.535316633    0.399659088    0.391609529    1.239738577
    7.555354709    0.393894031    0.385548814    1.226212903
    7.575392786    0.388345420    0.379582923    1.212476661
    7.595430862    0.382999414    0.373725733    1.198624371
    7.615468938    0.377823199    0.367979078    1.184682146
    7.635507014    0.372772645    0.362336429    1.170672545
    7.655545090    0.367796575    0.356785006    1.156673650
    7.675583166    0.362838588    0.351307676    1.142811012
    7.695621242    0.357839683    0.345884869    1.129192200
    7.715659319    0.352744177    0.340494608    1.115842235
    7.735697395    0.347509819    0.335112410    1.102672471
    7.755735471    0.342119023    0.329716501    1.089472005
    7.775773547    0.336583040    0.324297779    1.075911722
    7.795811623    0.330931727    0.318865072    1.061578015
    7.815849699    0.325191544    0.313438799    1.046058596
    7.835887776    0.319364488    0.308037846    1.029069509
    7.855925852    0.313420279    0.302668626    1.010569846
    7.875963928    0.307305031    0.297319749    0.990806997
    7.896002004    0.300962064    0.291962545    0.970271448
    7.916040080    0.294357708    0.286559409    0.949580010
    7.936078156    0.287502738    0.281079140    0.929334132
    7.956116232    0.280458886    0.275510372    0.910006382
    7.976154309    0.273326096    0.269863793    0.891883748
    7.996192385    0.266217726    0.264164153    0.875058857
    8.016230461    0.259235526    0.258439694    0.859444017
    8.036268537    0.252451722    0.252712504    0.844800381
    8.056306613    0.245900541    0.246988651    0.830794592
    8.076344689    0.239579417    0.241249699    0.817083891
    8.096382766    0.233458528    0.235452513    0.803403150
    8.116420842    0.227495613    0.229542487    0.789619854
    8.136458918    0.221651464    0.223475759    0.775737644
    8.156496994    0.215900333    0.217238178    0.761848824
    8.176535070    0.210231291    0.210851359    0.748056104
    8.196573146    0.204642426    0.204365374    0.734399561
    8.216611222    0.199134287    0.197844166    0.720823700
    8.236649299    0.193706679    0.191350213    0.707194033
    8.256687375    0.188356821    0.184932798    0.693340929
    8.276725451    0.183075878    0.178622857    0.679097969
    8.296763527    0.177846169    0.172435969    0.664315159
    8.316801603    0.172643434    0.166380913    0.648849607
    8.336839679    0.167443953    0.160467767    0.632556156
    8.356877756    0.162232873    0.154712131    0.615302287
    8.376915832    0.157011233    0.149136424    0.597007126
    8.396953908    0.151799757    0.143768817    0.577677760
    8.416991984    0.146636285    0.138638303    0.557417449
    8.437030060    0.141565497    0.133766566    0.536406921
    8.457068136    0.136625452    0.129161084    0.514881525
    8.477106212    0.131838746    0.124813617    0.493119461
    8.497144289    0.127212159    0.120704049    0.471431254
    8.517182365    0.122742387    0.116806302    0.450131904
    8.537220441    0.118423453    0.113093442    0.429494387
    8.557258517    0.114253048    0.109541713    0.409704162
    8.577296593    0.110236296    0.106134368    0.390838510
    8.597334669    0.106385757    0.102864620    0.372881619
    8.617372745    0.102717646    0.099735834    0.355767459
    8.637410822    0.099246355    0.096758194    0.339429760
    8.657448898    0.095980072    0.093942784    0.323837436
    8.677486974    0.092918909    0.091295133    0.309002051
    8.697525050    0.090055475    0.088810738    0.294957486
    8.717563126    0.087377097    0.086474453    0.281726374
    8.737601202    0.084868614    0.084263755    0.269293961
    8.757639279    0.082514729    0.082154057    0.257602197
    8.777677355    0.080301446    0.080123765    0.246562569
    8.797715431    0.078216679    0.078157576    0.236077763
    8.817753507    0.076250384    0.076247820    0.226062215
    8.837791583    0.074394537    0.074394352    0.216454501
    8.857829659    0.072642976    0.072603106    0.207218737
    8.877867735    0.070990821    0.070883186    0.198338814
    8.897905812    0.069433461    0.069243228    0.189813012
    8.917943888    0.067965612    0.067688653    0.181652002
    8.937981964    0.066580972    0.066220816    0.173876349
    8.958020040    0.065272485    0.064837698    0.166509234
    8.978058116    0.064032904    0.063535122    0.159566381
    8.998096192    0.062855331    0.062307787    0.153049441
    9.018134269    0.061733608    0.061149939    0.146945016
    9.038172345    0.060662577    0.060055774    0.141225660
    9.058210421    0.059638193    0.059019706    0.135850837
    9.078248497    0.058657425    0.058036533    0.130770391
    9.098286573    0.057717944    0.057101513    0.125932565
    9.118324649    0.056817727    0.056210376    0.121294300
    9.138362725    0.055954778    0.055359288    0.116828836
    9.158400802    0.055127009    0.054544820    0.112526684
    9.178438878    0.054332252    0.053763912    0.108390229
    9.198476954    0.053568313    0.053013823    0.104426337
    9.218515030    0.052833026    0.052292090    0.100641278
    9.238553106    0.052124310    0.051596492    0.097038612
    9.258591182    0.051440205    0.050925024    0.093618509
    9.278629259    0.050778906    0.050275893    0.090377692
    9.298667335    0.050138779    0.049647494    0.087310069
    9.318705411    0.049518359    0.049038403    0.084407696
    9.338743487    0.048916337    0.048447351    0.081661544
    9.358781563    0.048331552    0.047873211    0.079062423
    9.378819639    0.047762964    0.047314977    0.076602487
    9.398857715    0.047209647    0.046771749    0.074276642
    9.418895792    0.046670768    0.046242716    0.072082662
    9.438933868    0.046145577    0.045727146    0.070019773
    9.458971944    0.045633393    0.045224377    0.068086550
    9.479010020    0.045133599    0.044733805    0.066279254
    9.499048096    0.044645631    0.044254879    0.064591347
    9.519086172    0.044168970    0.043787091    0.063014081
    9.539124248    0.043703142    0.043329978    0.061537589
    9.559162325    0.043247707    0.042883109    0.060151894
    9.579200401    0.042802259    0.042446087    0.058847581
    9.599238477    0.042366421    0.042018543    0.057616142
    9.619276553    0.041939843    0.041600134    0.056450082
    9.639314629    0.041522196    0.041190539    0.055342884
    9.659352705    0.041113176    0.040789462    0.054288916
    9.679390782    0.040712495    0.040396621    0.053283315
    9.699428858    0.040319887    0.040011755    0.052321874
    9.719466934    0.039935097    0.039634619    0.051400939
    9.739505010    0.039557890    0.039264980    0.050517320
    9.759543086    0.039188041    0.038902622    0.049668221
    9.779581162    0.038825340    0.038547340    0.048851175
    9.799619238    0.038469588    0.038198940    0.048063993
    9.819657315    0.038120596    0.037857239    0.047304727
    9.839695391    0.037778186    0.037522066    0.046571630
    9.859733467    0.037442191    0.037193258    0.045863133
    9.879771543    0.037112450    0.036870660    0.045177815
    9.899809619    0.036788812    0.036554127    0.044514391
    9.919847695    0.036471133    0.036243520    0.043871688
    9.939885772    0.036159279    0.035938710    0.043248636
    9.959923848    0.035853120    0.035639572    0.042644255
    9.979961924    0.035552533    0.035345989    0.042057643
   10.000000000    0.035257402    0.035057852    0.041487970
