# energy grid [eV]     epsr_x  epsr_y  epsr_z
#
    0.001000000    2.583975128    2.546446345    4.517120366
    0.021038076    7.907370965    7.907286995    4.517165891
    0.041076152    7.917096371    7.917074952    4.517294212
    0.061114228    7.920201668    7.920192443    4.517505355
    0.081152305    7.922731043    7.922726169    4.517799364
    0.101190381    7.925471907    7.925469067    4.518176300
    0.121228457    7.928624237    7.928622510    4.518636239
    0.141266533    7.932258961    7.932257907    4.519179278
    0.161304609    7.936407614    7.936407000    4.519805527
    0.181342685    7.941087109    7.941086798    4.520515118
    0.201380762    7.946308230    7.946308136    4.521308196
    0.221418838    7.952079018    7.952079086    4.522184925
    0.241456914    7.958406292    7.958406483    4.523145489
    0.261494990    7.965296390    7.965296678    4.524190086
    0.281533066    7.972755561    7.972755927    4.525318935
    0.301571142    7.980790189    7.980790619    4.526532271
    0.321609218    7.989406931    7.989407412    4.527830347
    0.341647295    7.998612799    7.998613325    4.529213437
    0.361685371    8.008415232    8.008415795    4.530681831
    0.381723447    8.018822135    8.018822731    4.532235838
    0.401761523    8.029841924    8.029842549    4.533875787
    0.421799599    8.041483561    8.041484210    4.535602026
    0.441837675    8.053756582    8.053757254    4.537414922
    0.461875752    8.066671135    8.066671827    4.539314861
    0.481913828    8.080238009    8.080238720    4.541302252
    0.501951904    8.094468671    8.094469399    4.543377520
    0.521989980    8.109375298    8.109376042    4.545541114
    0.542028056    8.124970817    8.124971575    4.547793502
    0.562066132    8.141268945    8.141269717    4.550135175
    0.582104208    8.158284232    8.158285017    4.552566644
    0.602142285    8.176032108    8.176032906    4.555088442
    0.622180361    8.194528934    8.194529744    4.557701126
    0.642218437    8.213792055    8.213792876    4.560405274
    0.662256513    8.233839861    8.233840695    4.563201488
    0.682294589    8.254691853    8.254692698    4.566090395
    0.702332665    8.276368708    8.276369564    4.569072644
    0.722370741    8.298892360    8.298893227    4.572148910
    0.742408818    8.322286081    8.322286959    4.575319893
    0.762446894    8.346574571    8.346575460    4.578586319
    0.782484970    8.371784061    8.371784961    4.581948941
    0.802523046    8.397942415    8.397943326    4.585408537
    0.822561122    8.425079253    8.425080175    4.588965915
    0.842599198    8.453226081    8.453227014    4.592621911
    0.862637275    8.482416430    8.482417374    4.596377387
    0.882675351    8.512686015    8.512686971    4.600233240
    0.902713427    8.544072907    8.544073875    4.604190393
    0.922751503    8.576617719    8.576618698    4.608249803
    0.942789579    8.610363815    8.610364807    4.612412459
    0.962827655    8.645357541    8.645358545    4.616679382
    0.982865731    8.681648474    8.681649491    4.621051627
    1.002903808    8.719289699    8.719290729    4.625530287
    1.022941884    8.758338117    8.758339159    4.630116487
    1.042979960    8.798854777    8.798855833    4.634811391
    1.063018036    8.840905249    8.840906320    4.639616202
    1.083056112    8.884560026    8.884561111    4.644532163
    1.103094188    8.929894966    8.929896066    4.649560554
    1.123132265    8.976991771    8.976992886    4.654702702
    1.143170341    9.025938505    9.025939636    4.659959973
    1.163208417    9.076830150    9.076831297    4.665333781
    1.183246493    9.129769177    9.129770341    4.670825585
    1.203284569    9.184866153    9.184867334    4.676436892
    1.223322645    9.242240318    9.242241517    4.682169259
    1.243360721    9.302020132    9.302021350    4.688024294
    1.263398798    9.364343716    9.364344953    4.694003659
    1.283436874    9.429359089    9.429360346    4.700109069
    1.303474950    9.497224075    9.497225352    4.706342298
    1.323513026    9.568105633    9.568106932    4.712705180
    1.343551102    9.642178293    9.642179614    4.719199609
    1.363589178    9.719621143    9.719622488    4.725827545
    1.383627255    9.800612588    9.800613956    4.732591012
    1.403665331    9.885321616    9.885323009    4.739492105
    1.423703407    9.973893726    9.973895146    4.746532990
    1.443741483   10.066428653   10.066430100    4.753715911
    1.463779559   10.162945702   10.162947176    4.761043187
    1.483817635   10.263330620   10.263332123    4.768517220
    1.503855711   10.367255733   10.367257267    4.776140497
    1.523893788   10.474063225   10.474064790    4.783915595
    1.543931864   10.582602165   10.582603763    4.791845181
    1.563969940   10.691018407   10.691020040    4.799932023
    1.584008016   10.796522673   10.796524340    4.808178989
    1.604046092   10.895218829   10.895220532    4.816589053
    1.624084168   10.982161600   10.982163338    4.825165303
    1.644122244   11.051877423   11.051879197    4.833910941
    1.664160321   11.099484792   11.099486601    4.842829294
    1.684198397   11.122175639   11.122177483    4.851923819
    1.704236473   11.120369200   11.120371078    4.861198108
    1.724274549   11.097813272   11.097815185    4.870655895
    1.744312625   11.060402240   11.060404189    4.880301066
    1.764350701   11.014206294   11.014208280    4.890137667
    1.784388778   10.963959489   10.963961511    4.900169908
    1.804426854   10.913183558   10.913185618    4.910402180
    1.824464930   10.865400056   10.865402157    4.920839058
    1.844503006   10.824408325   10.824410472    4.931485317
    1.864541082   10.792825562   10.792827759    4.942345942
    1.884579158   10.770498547   10.770500797    4.953426139
    1.904617234   10.754919553   10.754921858    4.964731351
    1.924655311   10.743863346   10.743865706    4.976267272
    1.944693387   10.737922751   10.737925171    4.988039863
    1.964731463   10.740324060   10.740326545    5.000055369
    1.984769539   10.754224146   10.754226699    5.012320338
    2.004807615   10.780214053   10.780216679    5.024841642
    2.024845691   10.815991570   10.815994275    5.037626499
    2.044883768   10.858014003   10.858016798    5.050682496
    2.064921844   10.903855816   10.903858711    5.064017616
    2.084959920   10.953724536   10.953727537    5.077640266
    2.104997996   11.010069283   11.010072389    5.091559310
    2.125036072   11.075769786   11.075772992    5.105784100
    2.145074148   11.152581827   11.152585137    5.120324512
    2.165112224   11.240768361   11.240771789    5.135190989
    2.185150301   11.339336894   11.339340464    5.150394580
    2.205188377   11.446312452   11.446316188    5.165946985
    2.225226453   11.559460555   11.559464469    5.181860608
    2.245264529   11.677629054   11.677633149    5.198148598
    2.265302605   11.801794131   11.801798403    5.214824910
    2.285340681   11.934819644   11.934824094    5.231904346
    2.305378758   12.079857624   12.079862264    5.249402606
    2.325416834   12.238260275   12.238265125    5.267336323
    2.345454910   12.408342218   12.408347298    5.285723081
    2.365492986   12.585895761   12.585901088    5.304581400
    2.385531062   12.765979980   12.765985559    5.323930678
    2.405569138   12.944368805   12.944374624    5.343791046
    2.425607214   13.117365418   13.117371440    5.364183092
    2.445645291   13.279962864   13.279969025    5.385127400
    2.465683367   13.423374001   13.423380207    5.406643789
    2.485721443   13.533292174   13.533298289    5.428750145
    2.505759519   13.590039015   13.590044839    5.451460707
    2.525797595   13.571598648   13.571603894    5.474783758
    2.545835671   13.459991552   13.459995844    5.498718898
    2.565873747   13.249014988   13.249017897    5.523254726
    2.585911824   12.948334301   12.948335420    5.548368867
    2.605949900   12.579776709   12.579775747    5.574033608
    2.625987976   12.167530934   12.167527764    5.600230257
    2.646026052   11.728846038   11.728840699    5.626970980
    2.666064128   11.270421770   11.270414422    5.654318025
    2.686102204   10.790384145   10.790375017    5.682384962
    2.706140281   10.282181627   10.282170972    5.711313619
    2.726178357    9.737343314    9.737331382    5.741238575
    2.746216433    9.147028052    9.147015067    5.772258092
    2.766254509    8.503909757    8.503895895    5.804419798
    2.786292585    7.804856037    7.804841424    5.837715623
    2.806330661    7.053316730    7.053301460    5.872075461
    2.826368737    6.260333588    6.260317763    5.907352692
    2.846406814    5.444067440    5.444051217    5.943301424
    2.866444890    4.628475627    4.628459272    5.979551450
    2.886482966    3.841662991    3.841646899    6.015593938
    2.906521042    3.113324908    3.113309556    6.050800819
    2.926559118    2.470436102    2.470421953    6.084502901
    2.946597194    1.932411640    1.932399047    6.116124072
    2.966635271    1.508409718    1.508398879    6.145313402
    2.986673347    1.197802071    1.197793035    6.171985197
    3.006711423    0.992542685    0.992535376    6.196228308
    3.026749499    0.879898573    0.879892824    6.218158351
    3.046787575    0.845071407    0.845067012    6.237839705
    3.066825651    0.873566276    0.873563037    6.255316575
    3.086863727    0.952747819    0.952745578    6.270681881
    3.106901804    1.072247378    1.072246027    6.284134112
    3.126939880    1.223510875    1.223510347    6.296027358
    3.146977956    1.398845740    1.398845999    6.306871638
    3.167016032    1.590202347    1.590203355    6.317207648
    3.187054108    1.788266478    1.788268175    6.327392857
    3.207092184    1.982806044    1.982808344    6.337473070
    3.227130261    2.164730268    2.164733083    6.347276051
    3.247168337    2.328851372    2.328854622    6.356644220
    3.267206413    2.475181051    2.475184669    6.365554798
    3.287244489    2.607354138    2.607358041    6.373996052
    3.307282565    2.729004221    2.729008276    6.381755885
    3.327320641    2.840519931    2.840523945    6.388370235
    3.347358717    2.938260631    2.938264362    6.393301462
    3.367396794    3.016477808    3.016481020    6.396206536
    3.387434870    3.070365628    3.070368153    6.397085228
    3.407472946    3.098158972    3.098160761    6.396189366
    3.427511022    3.101257589    3.101258721    6.393762336
    3.447549098    3.082807941    3.082808594    6.389849288
    3.467587174    3.045846533    3.045846927    6.384372521
    3.487625251    2.992186848    2.992187206    6.377358177
    3.507663327    2.922806055    2.922806582    6.369021370
    3.527701403    2.839240509    2.839241383    6.359618529
    3.547739479    2.744516987    2.744518349    6.349232021
    3.567777555    2.642707949    2.642709886    6.337679476
    3.587815631    2.537713277    2.537715798    6.324634013
    3.607853707    2.432698101    2.432701134    6.309902101
    3.627891784    2.330804243    2.330807671    6.293670864
    3.647929860    2.236016068    2.236019770    6.276557420
    3.667967936    2.152529893    2.152533767    6.259494223
    3.688006012    2.082788223    2.082792194    6.243607528
    3.708044088    2.026237062    2.026241068    6.230151969
    3.728082164    1.980082761    1.980086752    6.220415521
    3.748120240    1.941172510    1.941176455    6.215500486
    3.768158317    1.907400194    1.907404085    6.216021623
    3.788196393    1.877939799    1.877943643    6.221905452
    3.808234469    1.852796325    1.852800137    6.232512333
    3.828272545    1.832513730    1.832517522    6.247137490
    3.848310621    1.818176179    1.818179957    6.265603512
    3.868348697    1.811124598    1.811128347    6.288455509
    3.888386774    1.812063220    1.812066899    6.316525750
    3.908424850    1.820119324    1.820122869    6.350206484
    3.928462926    1.832914321    1.832917669    6.389064702
    3.948501002    1.848111835    1.848114953    6.432106695
    3.968539078    1.865432052    1.865434960    6.478460426
    3.988577154    1.887147710    1.887150468    6.527970969
    4.008615230    1.916024262    1.916026940    6.581262934
    4.028653307    1.951953162    1.951955803    6.639197920
    4.048691383    1.989918741    1.989921344    6.702166478
    4.068729459    2.021065466    2.021067995    6.769800954
    4.088767535    2.036403918    2.036406333    6.841285497
    4.108805611    2.030936149    2.030938436    6.915932861
    4.128843687    2.005608552    2.005610724    6.993576538
    4.148881764    1.965842380    1.965844456    7.074578256
    4.168919840    1.917835961    1.917837942    7.159520708
    4.188957916    1.865215888    1.865217755    7.248761506
    4.208995992    1.807853516    1.807855238    7.342095882
    4.229034068    1.742978971    1.742980517    7.438775483
    4.249072144    1.667399403    1.667400748    7.537886492
    4.269110220    1.579217573    1.579218700    7.638787013
    4.289148297    1.478199032    1.478199934    7.741257116
    4.309186373    1.365233077    1.365233757    7.845249765
    4.329224449    1.241980727    1.241981198    7.950441088
    4.349262525    1.111329890    1.111330179    8.055895064
    4.369300601    0.978216955    0.978217099    8.159993795
    4.389338677    0.849678380    0.849678418    8.260549353
    4.409376754    0.733363932    0.733363897    8.354920110
    4.429414830    0.634972385    0.634972312    8.440031527
    4.449452906    0.556203470    0.556203397    8.512368536
    4.469490982    0.494677502    0.494677459    8.568161621
    4.489529058    0.445765504    0.445765497    8.604009557
    4.509567134    0.404963969    0.404963980    8.617890911
    4.529605210    0.369422279    0.369422281    8.610005146
    4.549643287    0.338147954    0.338147937    8.582792755
    4.569681363    0.311431944    0.311431927    8.540144207
    4.589719439    0.290274436    0.290274449    8.486489130
    4.609757515    0.275975796    0.275975855    8.426393272
    4.629795591    0.269517703    0.269517791    8.364664432
    4.649833667    0.270586658    0.270586720    8.306392394
    4.669871743    0.276744206    0.276744178    8.256330117
    4.689909820    0.283618052    0.283617889    8.217742948
    4.709947896    0.286643452    0.286643151    8.191572236
    4.729985972    0.283709757    0.283709358    8.176530611
    4.750024048    0.276789946    0.276789509    8.169941469
    4.770062124    0.270862389    0.270861963    8.168716675
    4.790100200    0.270655512    0.270655110    8.170028631
    4.810138277    0.277748014    0.277747602    8.171615724
    4.830176353    0.289971001    0.289970520    8.171826479
    4.850214429    0.302813392    0.302812780    8.169375687
    4.870252505    0.311412662    0.311411880    8.162756284
    4.890290581    0.312280088    0.312279124    8.149571758
    4.910328657    0.304449744    0.304448616    8.126324553
    4.930366733    0.289617578    0.289616329    8.088843889
    4.950404810    0.271020088    0.271018766    8.033047183
    4.970442886    0.251540520    0.251539150    7.955813968
    4.990480962    0.232030839    0.232029395    7.855867750
    5.010519038    0.210670233    0.210668640    7.734483671
    5.030557114    0.183652279    0.183650443    7.595933011
    5.050595190    0.146925005    0.146922847    7.447400947
    5.070633267    0.098102416    0.098099895    7.297808161
    5.090671343    0.037404653    0.037401772    7.155596476
    5.110709419   -0.032864126   -0.032867329    7.026656505
    5.130747495   -0.109656061   -0.109659528    6.913492536
    5.150785571   -0.190165252   -0.190168924    6.815461797
    5.170823647   -0.271859091   -0.271862921    6.729234085
    5.190861723   -0.351955229   -0.351959178    6.649069855
    5.210899800   -0.426941049   -0.426945086    6.567009384
    5.230937876   -0.492276305   -0.492280394    6.473134485
    5.250975952   -0.542528852   -0.542532949    6.356248943
    5.271014028   -0.572424528   -0.572428575    6.205355012
    5.291052104   -0.578584333   -0.578588274    6.011526370
    5.311090180   -0.560969340   -0.560973140    5.769045729
    5.331128257   -0.523271748   -0.523275408    5.475359964
    5.351166333   -0.472043957   -0.472047512    5.130914385
    5.371204409   -0.414708563   -0.414712072    4.740078694
    5.391242485   -0.357162999   -0.357166520    4.312616684
    5.411280561   -0.302223258   -0.302226829    3.863671191
    5.431318637   -0.249700750   -0.249704375    3.410909262
    5.451356713   -0.197808970   -0.197812632    2.969736259
    5.471394790   -0.145000212   -0.145003899    2.549270784
    5.491432866   -0.091389777   -0.091393500    2.151408164
    5.511470942   -0.039158645   -0.039162429    1.773223783
    5.531509018    0.008253020    0.008249159    1.411029518
    5.551547094    0.047704200    0.047700279    1.063786425
    5.571585170    0.077758633    0.077754694    0.734237321
    5.591623246    0.099046922    0.099043016    0.427561025
    5.611661323    0.113256689    0.113252853    0.148843946
    5.631699399    0.121443505    0.121439762   -0.098876665
    5.651737475    0.122983529    0.122979900   -0.314978997
    5.671775551    0.115908063    0.115904567   -0.500235830
    5.691813627    0.098239495    0.098236143   -0.655711310
    5.711851703    0.069479330    0.069476115   -0.782811915
    5.731889780    0.031542253    0.031539150   -0.884241092
    5.751927856   -0.011326752   -0.011329779   -0.964418038
    5.771965932   -0.053719869   -0.053722861   -1.028474865
    5.792004008   -0.090853528   -0.090856528   -1.080478182
    5.812042084   -0.120167973   -0.120171024   -1.122242782
    5.832080160   -0.141986275   -0.141989421   -1.153432082
    5.852118236   -0.158962466   -0.158965744   -1.172576280
    5.872156313   -0.174742019   -0.174745452   -1.178294102
    5.892194389   -0.192634070   -0.192637669   -1.170298575
    5.912232465   -0.214880016   -0.214883775   -1.149965832
    5.932270541   -0.242551259   -0.242555160   -1.120289288
    5.952308617   -0.275683646   -0.275687653   -1.085248467
    5.972346693   -0.313324476   -0.313328536   -1.048798040
    5.992384770   -0.353586810   -0.353590859   -1.013706626
    6.012422846   -0.394030152   -0.394034128   -0.980632243
    6.032460922   -0.432452186   -0.432456041   -0.948032386
    6.052498998   -0.467677012   -0.467680718   -0.913270807
    6.072537074   -0.499704910   -0.499708448   -0.874429871
    6.092575150   -0.529167924   -0.529171286   -0.831581926
    6.112613226   -0.556840067   -0.556843246   -0.786667673
    6.132651303   -0.583819270   -0.583822272   -0.742334760
    6.152689379   -0.612076944   -0.612079787   -0.700670951
    6.172727455   -0.644594774   -0.644597495   -0.662467016
    6.192765531   -0.684774449   -0.684777101   -0.627209541
    6.212803607   -0.735470424   -0.735473063   -0.593620618
    6.232841683   -0.798071305   -0.798073979   -0.560265754
    6.252879760   -0.871764727   -0.871767472   -0.525855516
    6.272917836   -0.953140523   -0.953143360   -0.489233998
    6.292955912   -1.036541562   -1.036544494   -0.449339811
    6.312993988   -1.115374966   -1.115377978   -0.405475545
    6.333032064   -1.183864354   -1.183867413   -0.357850278
    6.353070140   -1.238295274   -1.238298343   -0.307822126
    6.373108216   -1.277233316   -1.277236362   -0.257321758
    6.393146293   -1.300919064   -1.300922061   -0.207689004
    6.413184369   -1.310401019   -1.310403950   -0.158702766
    6.433222445   -1.306927108   -1.306929965   -0.108434895
    6.453260521   -1.291823401   -1.291826178   -0.054075451
    6.473298597   -1.266674385   -1.266677082    0.006700227
    6.493336673   -1.233371172   -1.233373789    0.074656810
    6.513374749   -1.193802606   -1.193805142    0.148730425
    6.533412826   -1.149489258   -1.149491718    0.226361600
    6.553450902   -1.101619003   -1.101621390    0.304058245
    6.573488978   -1.051416678   -1.051418996    0.378073314
    6.593527054   -1.000338723   -1.000340972    0.445085013
    6.613565130   -0.949910301   -0.949912472    0.502713299
    6.633603206   -0.901525256   -0.901527330    0.549918547
    6.653641283   -0.856443002   -0.856444947    0.587374690
    6.673679359   -0.815858825   -0.815860602    0.617555621
    6.693717435   -0.780861442   -0.780863014    0.644121566
    6.713755511   -0.752230434   -0.752231779    0.670706826
    6.733793587   -0.730165919   -0.730167034    0.699804992
    6.753831663   -0.714139754   -0.714140656    0.732309176
    6.773869739   -0.702968974   -0.702969695    0.767656171
    6.793907816   -0.695067281   -0.695067857    0.804253443
    6.813945892   -0.688838011   -0.688838478    0.840012989
    6.833983968   -0.683121420   -0.683121806    0.872884748
    6.854022044   -0.677473633   -0.677473953    0.901193297
    6.874060120   -0.672125046   -0.672125311    0.923699261
    6.894098196   -0.667706780   -0.667706994    0.939585235
    6.914136273   -0.664973194   -0.664973358    0.948558423
    6.934174349   -0.664638247   -0.664638362    0.950994501
    6.954212425   -0.667195578   -0.667195643    0.947966953
    6.974250501   -0.672540272   -0.672540288    0.941170121
    6.994288577   -0.679497618   -0.679497591    0.932758381
    7.014326653   -0.685664668   -0.685664612    0.924967659
    7.034364729   -0.687841659   -0.687841588    0.919535141
    7.054402806   -0.682866392   -0.682866321    0.917317883
    7.074440882   -0.668415191   -0.668415132    0.918473339
    7.094478958   -0.643495043   -0.643495008    0.923074275
    7.114517034   -0.608590803   -0.608590800    0.931675532
    7.134555110   -0.565495751   -0.565495780    0.945395550
    7.154593186   -0.516879862   -0.516879915    0.965437676
    7.174631263   -0.465771526   -0.465771589    0.992423742
    7.194669339   -0.415166362   -0.415166414    1.026065517
    7.214707415   -0.367822685   -0.367822709    1.065444814
    7.234745491   -0.326148155   -0.326148136    1.109692470
    7.254783567   -0.292092695   -0.292092627    1.158455665
    7.274821643   -0.267038845   -0.267038728    1.211714040
    7.294859719   -0.251649870   -0.251649714    1.269209818
    7.314897796   -0.245616836   -0.245616664    1.330104606
    7.334935872   -0.247450471   -0.247450319    1.393062143
    7.354973948   -0.254665640   -0.254665551    1.456444174
    7.375012024   -0.264468061   -0.264468070    1.518254046
    7.395050100   -0.274535528   -0.274535655    1.575845393
    7.415088176   -0.283394319   -0.283394568    1.625913600
    7.435126253   -0.290339705   -0.290340066    1.665284390
    7.455164329   -0.295166761   -0.295167218    1.692254640
    7.475202405   -0.297906359   -0.297906895    1.707522779
    7.495240481   -0.298685407   -0.298686011    1.713945027
    7.515278557   -0.297813454   -0.297814119    1.715265954
    7.535316633   -0.295993233   -0.295993957    1.714671326
    7.555354709   -0.294368628   -0.294369409    1.713930010
    7.575392786   -0.294311840   -0.294312677    1.713366062
    7.595430862   -0.297149136   -0.297150031    1.712498025
    7.615468938   -0.304008837   -0.304009796    1.710876217
    7.635507014   -0.315774143   -0.315775171    1.708459398
    7.655545090   -0.333008553   -0.333009657    1.705287443
    7.675583166   -0.355716263   -0.355717444    1.701006146
    7.695621242   -0.382920521   -0.382921778    1.694932071
    7.715659319   -0.412281877   -0.412283200    1.686633575
    7.735697395   -0.440139908   -0.440141280    1.676404927
    7.755735471   -0.462202545   -0.462203946    1.665139216
    7.775773547   -0.474661083   -0.474662491    1.653716181
    7.795811623   -0.475188081   -0.475189477    1.642460754
    7.815849699   -0.463365985   -0.463367362    1.631048510
    7.835887776   -0.440449388   -0.440450748    1.618790885
    7.855925852   -0.408707629   -0.408708977    1.605149256
    7.875963928   -0.370721162   -0.370722505    1.590391266
    7.896002004   -0.328867237   -0.328868579    1.576078245
    7.916040080   -0.285030304   -0.285031647    1.564876776
    7.936078156   -0.240500781   -0.240502124    1.559464883
    7.956116232   -0.196027966   -0.196029305    1.560979426
    7.976154309   -0.151975387   -0.151976716    1.567956508
    7.996192385   -0.108501623   -0.108502935    1.576374218
    8.016230461   -0.065704767   -0.065706057    1.580478121
    8.036268537   -0.023735865   -0.023737132    1.573683998
    8.056306613    0.017090922    0.017089677    1.549319051
    8.076344689    0.056244861    0.056243635    1.501454358
    8.096382766    0.093085405    0.093084194    1.426059707
    8.116420842    0.127136926    0.127135726    1.322359168
    8.136458918    0.158379195    0.158378003    1.193864831
    8.156496994    0.187343591    0.187342405    1.048405511
    8.176535070    0.214941056    0.214939876    0.896763842
    8.196573146    0.242167616    0.242166441    0.750218977
    8.216611222    0.269885251    0.269884082    0.617988618
    8.236649299    0.298708968    0.298707804    0.505684773
    8.256687375    0.328912436    0.328911275    0.415282767
    8.276725451    0.360360587    0.360359429    0.346274600
    8.296763527    0.392578890    0.392577732    0.297133643
    8.316801603    0.424969434    0.424968274    0.266228968
    8.336839679    0.457037103    0.457035937    0.251933125
    8.356877756    0.488504964    0.488503792    0.252281478
    8.376915832    0.519313568    0.519312390    0.264628025
    8.396953908    0.549574200    0.549573018    0.285563403
    8.416991984    0.579533959    0.579532775    0.311167480
    8.437030060    0.609530053    0.609528869    0.337448800
    8.457068136    0.639882612    0.639881427    0.360796222
    8.477106212    0.670761676    0.670760485    0.378393803
    8.497144289    0.702117277    0.702116076    0.388501785
    8.517182365    0.733707296    0.733706080    0.390456185
    8.537220441    0.765223216    0.765221986    0.384460427
    8.557258517    0.796493042    0.796491803    0.371432172
    8.577296593    0.827629114    0.827627880    0.353044075
    8.597334669    0.858952757    0.858951542    0.331882603
    8.617372745    0.890734907    0.890733727    0.311492101
    8.637410822    0.922992695    0.922991559    0.295925334
    8.657448898    0.955507589    0.955506504    0.288619506
    8.677486974    0.988004082    0.988003047    0.291141085
    8.697525050    1.020295514    1.020294525    0.302788881
    8.717563126    1.052266619    1.052265672    0.321445509
    8.737601202    1.083730023    1.083729112    0.345008305
    8.757639279    1.114270551    1.114269669    0.372339291
    8.777677355    1.143148700    1.143147837    0.403244923
    8.797715431    1.169305439    1.169304579    0.437862562
    8.817753507    1.191505343    1.191504465    0.476133987
    8.837791583    1.208603130    1.208602214    0.517670785
    8.857829659    1.219853740    1.219852772    0.561889327
    8.877867735    1.225158824    1.225157799    0.608226576
    8.897905812    1.225132103    1.225131024    0.656334426
    8.917943888    1.220909340    1.220908213    0.706132573
    8.937981964    1.213779226    1.213778057    0.757606480
    8.958020040    1.204851925    1.204850722    0.810437987
    8.978058116    1.194945363    1.194944134    0.863785425
    8.998096192    1.184664352    1.184663107    0.916484452
    9.018134269    1.174475502    1.174474251    0.967567245
    9.038172345    1.164653346    1.164652096    1.016686676
    9.058210421    1.155217588    1.155216340    1.064217803
    9.078248497    1.146049574    1.146048326    1.111212359
    9.098286573    1.137143949    1.137142706    1.159370102
    9.118324649    1.128735932    1.128734697    1.210854542
    9.138362725    1.121147399    1.121146171    1.267743013
    9.158400802    1.114510505    1.114509277    1.331312887
    9.178438878    1.108691434    1.108690190    1.401665433
    9.198476954    1.103555696    1.103554420    1.477875249
    9.218515030    1.099347898    1.099346580    1.558294587
    9.238553106    1.096769379    1.096768018    1.640607896
    9.258591182    1.096609378    1.096607979    1.721708681
    9.278629259    1.099257488    1.099256058    1.797738577
    9.298667335    1.104511879    1.104510428    1.864451372
    9.318705411    1.111780409    1.111778948    1.917880335
    9.338743487    1.120501124    1.120499666    1.955201350
    9.358781563    1.130508263    1.130506822    1.975414136
    9.378819639    1.142069651    1.142068235    1.979264944
    9.398857715    1.155541293    1.155539900    1.968241145
    9.418895792    1.170905595    1.170904213    1.943202422
    9.438933868    1.187539809    1.187538421    1.903517129
    9.458971944    1.204380306    1.204378900    1.847222777
    9.479010020    1.220364587    1.220363154    1.771981370
    9.499048096    1.234830889    1.234829432    1.676081597
    9.519086172    1.247629791    1.247628312    1.559056274
    9.539124248    1.258968535    1.258967040    1.422084130
    9.559162325    1.269188951    1.269187445    1.268335669
    9.579200401    1.278637713    1.278636197    1.103123778
    9.599238477    1.287646312    1.287644788    0.933596035
    9.619276553    1.296571305    1.296569772    0.767661341
    9.639314629    1.305796861    1.305795320    0.612234651
    9.659352705    1.315546014    1.315544465    0.471687819
    9.679390782    1.325494991    1.325493429    0.347529083
    9.699428858    1.334508620    1.334507032    0.239443584
    9.719466934    1.340885090    1.340883461    0.146833511
    9.739505010    1.343099578    1.343097895    0.069759758
    9.759543086    1.340508751    1.340507012    0.008799948
    9.779581162    1.333434701    1.333432914   -0.035827897
    9.799619238    1.322708888    1.322707065   -0.065167998
    9.819657315    1.309355562    1.309353724   -0.081916720
    9.839695391    1.294758524    1.294756695   -0.090118771
    9.859733467    1.280891062    1.280889268   -0.094319717
    9.879771543    1.270105658    1.270103924   -0.098535833
    9.899809619    1.264543801    1.264542135   -0.105492055
    9.919847695    1.265593772    1.265592173   -0.116541418
    9.939885772    1.273692615    1.273691068   -0.132351552
    9.959923848    1.288461690    1.288460178   -0.153863313
    9.979961924    1.308963878    1.308962385   -0.182733251
   10.000000000    1.333871881    1.333870397   -0.220857047
