# energy grid [eV]     epsr_x  epsr_y  epsr_z
#
    0.001000000***************-2531.882371122    4.692472921
    0.021038076  -14.745765779    3.804284840    4.722069579
    0.041076152    5.767204107    7.727088697    4.722206349
    0.061114228    8.866593175    8.360882975    4.722413825
    0.081152305    9.520720043    8.534916203    4.722724260
    0.101190381    9.599263412    8.596805829    4.723147458
    0.121228457    9.520118542    8.624866263    4.723691180
    0.141266533    9.396134681    8.642503208    4.724361277
    0.161304609    9.251849692    8.657823245    4.725160783
    0.181342685    9.083405509    8.673655556    4.726089969
    0.201380762    8.883168841    8.690757214    4.727147236
    0.221418838    8.652757275    8.709095824    4.728330243
    0.241456914    8.407548277    8.728442381    4.729636777
    0.261494990    8.172610332    8.748629219    4.731065195
    0.281533066    7.973257524    8.769612221    4.732614531
    0.301571142    7.826314582    8.791428481    4.734284415
    0.321609218    7.736624843    8.814129275    4.736074942
    0.341647295    7.699057486    8.837741829    4.737986557
    0.361685371    7.703162148    8.862268831    4.740019968
    0.381723447    7.737440542    8.887705175    4.742176096
    0.401761523    7.791855666    8.914051918    4.744456038
    0.421799599    7.858708991    8.941320924    4.746861039
    0.441837675    7.932565728    8.969532676    4.749392474
    0.461875752    8.009809841    8.998711890    4.752051832
    0.481913828    8.088150470    9.028884128    4.754840699
    0.501951904    8.166206368    9.060073828    4.757760743
    0.521989980    8.243193771    9.092300674    4.760813695
    0.542028056    8.318703625    9.125569432    4.764001328
    0.562066132    8.392545068    9.159851004    4.767325423
    0.582104208    8.464635705    9.195058801    4.770787743
    0.602142285    8.534926904    9.231030352    4.774390011
    0.622180361    8.603360226    9.267526845    4.778133924
    0.642218437    8.669855881    9.304260962    4.782021197
    0.662256513    8.734332114    9.340951621    4.786053623
    0.682294589    8.796745410    9.377384071    4.790233072
    0.702332665    8.857130544    9.413439639    4.794561360
    0.722370741    8.915616270    9.449069841    4.799040002
    0.742408818    8.972403351    9.484225673    4.803669933
    0.762446894    9.027713522    9.518789526    4.808451349
    0.782484970    9.081735178    9.552560584    4.813383839
    0.802523046    9.134586076    9.585305255    4.818466831
    0.822561122    9.186285361    9.616833311    4.823700128
    0.842599198    9.236704580    9.647040654    4.829084067
    0.862637275    9.285482430    9.675882290    4.834618925
    0.882675351    9.331939574    9.703288015    4.840303776
    0.902713427    9.375072226    9.729088225    4.846135449
    0.922751503    9.413691503    9.753036414    4.852108266
    0.942789579    9.446710028    9.774955395    4.858214722
    0.962827655    9.473481548    9.794915331    4.864446589
    0.982865731    9.494018615    9.813277921    4.870795589
    1.002903808    9.508944267    9.830528012    4.877253152
    1.022941884    9.519206812    9.847001765    4.883809493
    1.042979960    9.525756663    9.862698789    4.890452948
    1.063018036    9.529398719    9.877276865    4.897170512
    1.083056112    9.530895331    9.890207789    4.903949508
    1.103094188    9.531211951    9.901013199    4.910779204
    1.123132265    9.531694176    9.909485842    4.917651303
    1.143170341    9.533997589    9.915797591    4.924559372
    1.163208417    9.539751754    9.920418785    4.931497659
    1.183246493    9.550148548    9.923878040    4.938459683
    1.203284569    9.565721216    9.926515817    4.945437563
    1.223322645    9.586430466    9.928380928    4.952423802
    1.243360721    9.611954459    9.929315053    4.959415925
    1.263398798    9.641993286    9.929208744    4.966421019
    1.283436874    9.676462585    9.928383671    4.973455450
    1.303474950    9.715549857    9.927970072    4.980538593
    1.323513026    9.759659985    9.930041081    4.987685252
    1.343551102    9.809288892    9.937326066    4.994902201
    1.363589178    9.864859409    9.952610783    5.002189659
    1.383627255    9.926555747    9.978146985    5.009545077
    1.403665331    9.994223196   10.015320494    5.016966853
    1.423703407   10.067408925   10.064626592    5.024456830
    1.443741483   10.145544122   10.125850575    5.032021171
    1.463779559   10.228157843   10.198292316    5.039670243
    1.483817635   10.314987319   10.280933550    5.047418226
    1.503855711   10.405928956   10.372565517    5.055281824
    1.523893788   10.500874009   10.471931898    5.063276896
    1.543931864   10.599526846   10.577874138    5.071413492
    1.563969940   10.701296911   10.689405840    5.079691669
    1.584008016   10.805307688   10.805654024    5.088100285
    1.604046092   10.910505811   10.925663259    5.096617866
    1.624084168   11.015780202   11.048115507    5.105213024
    1.644122244   11.119940331   11.171031396    5.113844410
    1.664160321   11.221439022   11.291500942    5.122462394
    1.684198397   11.317901350   11.405502736    5.131015044
    1.704236473   11.405762441   11.507931866    5.139461685
    1.724274549   11.480420546   11.593017655    5.147794104
    1.744312625   11.537110802   11.655269107    5.156056283
    1.764350701   11.572294274   11.690839340    5.164348136
    1.784388778   11.584968179   11.698783052    5.172805139
    1.804426854   11.577158644   11.681441135    5.181560577
    1.824464930   11.553177232   11.643574923    5.190708071
    1.844503006   11.517978791   11.590756645    5.200278843
    1.864541082   11.475635292   11.528092768    5.210239799
    1.884579158   11.428748382   11.459888941    5.220515862
    1.904617234   11.378597818   11.389784456    5.231033119
    1.924655311   11.325396529   11.320700321    5.241761822
    1.944693387   11.268723469   11.254814735    5.252728856
    1.964731463   11.208487028   11.193980711    5.263989055
    1.984769539   11.145895669   11.140108768    5.275582462
    2.004807615   11.083418895   11.094783742    5.287520653
    2.024845691   11.023703465   11.058456631    5.299817609
    2.044883768   10.968493018   11.030197424    5.312536467
    2.064921844   10.918396839   11.008255208    5.325807251
    2.084959920   10.873493035   10.990878382    5.339795284
    2.104997996   10.834179514   10.976845670    5.354638384
    2.125036072   10.801620361   10.965523013    5.370391996
    2.145074148   10.777545590   10.956666135    5.387013148
    2.165112224   10.763691989   10.950322292    5.404385841
    2.185150301   10.761306281   10.946866233    5.422369243
    2.205188377   10.770903530   10.946978141    5.440848447
    2.225226453   10.792318322   10.951560596    5.459771946
    2.245264529   10.824993138   10.961646002    5.479162061
    2.265302605   10.868218067   10.978094357    5.499093660
    2.285340681   10.921034423   11.001014938    5.519653650
    2.305378758   10.981945876   11.029377953    5.540903989
    2.325416834   11.048872833   11.061291101    5.562864832
    2.345454910   11.119523173   11.094769995    5.585519863
    2.365492986   11.191870681   11.128376698    5.608835642
    2.385531062   11.264264364   11.161264445    5.632784336
    2.405569138   11.334971731   11.192646259    5.657358384
    2.425607214   11.401398886   11.221074952    5.682566631
    2.445645291   11.459409962   11.243908375    5.708411700
    2.465683367   11.502967181   11.257051497    5.734864559
    2.485721443   11.524085007   11.254948497    5.761856106
    2.505759519   11.513150917   11.230879444    5.789290951
    2.525797595   11.459791994   11.177553112    5.817071322
    2.545835671   11.354284869   11.087824265    5.845116713
    2.565873747   11.189147087   10.955422226    5.873376504
    2.585911824   10.960437290   10.775719910    5.901839286
    2.605949900   10.668458213   10.546465728    5.930533848
    2.625987976   10.317728076   10.268210970    5.959509342
    2.646026052    9.916239905    9.944209233    5.988791963
    2.666064128    9.474214767    9.579755192    6.018331598
    2.686102204    9.002594884    9.181042744    6.047958792
    2.706140281    8.511470154    8.753650542    6.077372174
    2.726178357    8.008722833    8.300876834    6.106172859
    2.746216433    7.499256588    7.822532261    6.133946060
    2.766254509    6.985038873    7.315171983    6.160357615
    2.786292585    6.465952569    6.774326912    6.185209747
    2.806330661    5.941212869    6.198064021    6.208422679
    2.826368737    5.410888060    5.590256982    6.229967151
    2.846406814    4.877116141    4.962063460    6.249809875
    2.866444890    4.344892916    4.331056838    6.267910274
    2.886482966    3.822360655    3.718533960    6.284247840
    2.906521042    3.320368013    3.146072128    6.298827733
    2.926559118    2.851191580    2.632285130    6.311638268
    2.946597194    2.426741246    2.190360465    6.322585376
    2.966635271    2.056855854    1.826762018    6.331453968
    2.986673347    1.748191508    1.541337467    6.337936677
    3.006711423    1.503866499    1.328691763    6.341744421
    3.026749499    1.323709470    1.180224843    6.342759946
    3.046787575    1.204824185    1.086124404    6.341137689
    3.066825651    1.142225808    1.036917424    6.337270977
    3.086863727    1.129377571    1.024456255    6.331648687
    3.106901804    1.158533628    1.042225874    6.324704388
    3.126939880    1.220975772    1.084968660    6.316743452
    3.146977956    1.307388508    1.147947186    6.307957827
    3.167016032    1.408518825    1.226308888    6.298485468
    3.187054108    1.516005488    1.314848943    6.288466313
    3.207092184    1.623095345    1.408234539    6.278075488
    3.227130261    1.724997815    1.501572062    6.267545177
    3.247168337    1.818811441    1.591066476    6.257178820
    3.267206413    1.903170216    1.674492367    6.247331441
    3.287244489    1.977858484    1.751281470    6.238340014
    3.307282565    2.043548687    1.822189177    6.230440759
    3.327320641    2.101611828    1.888695614    6.223731550
    3.347358717    2.153833172    1.952398082    6.218192309
    3.367396794    2.201934323    2.014547050    6.213728042
    3.387434870    2.246979277    2.075706972    6.210198715
    3.407472946    2.288919492    2.135495796    6.207427233
    3.427511022    2.326595132    2.192495944    6.205202677
    3.447549098    2.358310344    2.244555038    6.203302947
    3.467587174    2.382706763    2.289547438    6.201538327
    3.487625251    2.399404819    2.326267216    6.199788419
    3.507663327    2.409038811    2.354895027    6.198007849
    3.527701403    2.412761617    2.376742238    6.196204148
    3.547739479    2.411608097    2.393495677    6.194411039
    3.567777555    2.406081414    2.406468742    6.192678615
    3.587815631    2.396097041    2.416188922    6.191076470
    3.607853707    2.381166982    2.422305449    6.189685751
    3.627891784    2.360639323    2.423698146    6.188580162
    3.647929860    2.333936299    2.418757515    6.187826170
    3.667967936    2.300806801    2.405807538    6.187513591
    3.688006012    2.261540566    2.383564190    6.187794859
    3.708044088    2.217035317    2.351492416    6.188910015
    3.728082164    2.168680043    2.309952464    6.191183903
    3.748120240    2.118140165    2.260088238    6.194989036
    3.768158317    2.067147196    2.203531612    6.200684979
    3.788196393    2.017329504    2.142130603    6.208555583
    3.808234469    1.970087793    2.077846462    6.218760694
    3.828272545    1.926499616    2.012688439    6.231321397
    3.848310621    1.887220146    1.948440938    6.246159397
    3.868348697    1.852408694    1.886223844    6.263186979
    3.888386774    1.821767749    1.826249264    6.282403705
    3.908424850    1.794699264    1.768013044    6.303936709
    3.928462926    1.770480046    1.710762822    6.327992417
    3.948501002    1.748364751    1.653947397    6.354754518
    3.968539078    1.727590353    1.597507167    6.384305891
    3.988577154    1.707329417    1.541976001    6.416623943
    4.008615230    1.686675583    1.488369365    6.451631239
    4.028653307    1.664691699    1.437896308    6.489246468
    4.048691383    1.640482690    1.391631926    6.529398312
    4.068729459    1.613283336    1.350278480    6.572011188
    4.088767535    1.582601730    1.314066424    6.616999830
    4.108805611    1.548380719    1.282795492    6.664287050
    4.128843687    1.511030281    1.255973675    6.713815498
    4.148881764    1.471252922    1.232983682    6.765521157
    4.168919840    1.429761540    1.213211619    6.819282416
    4.188957916    1.387057583    1.196086609    6.874892887
    4.208995992    1.343360774    1.181008692    6.932081787
    4.229034068    1.298676156    1.167203094    6.990553967
    4.249072144    1.252940462    1.153599913    7.050006387
    4.269110220    1.206184283    1.138843693    7.110113804
    4.289148297    1.158647572    1.121476411    7.170514309
    4.309186373    1.110829130    1.100248086    7.230818904
    4.329224449    1.063487147    1.074430675    7.290638721
    4.349262525    1.017569360    1.043994387    7.349611588
    4.369300601    0.974029089    1.009580164    7.407413014
    4.389338677    0.933559001    0.972304850    7.463737592
    4.409376754    0.896362106    0.933486933    7.518247120
    4.429414830    0.862083447    0.894383370    7.570504978
    4.449452906    0.829960544    0.855998112    7.619924470
    4.469490982    0.799144513    0.818964484    7.665737182
    4.489529058    0.769024548    0.783477816    7.706977977
    4.509567134    0.739358783    0.749299463    7.742529915
    4.529605210    0.710151043    0.715889500    7.771309550
    4.549643287    0.681406420    0.682656584    7.792589751
    4.569681363    0.652940547    0.649196685    7.806303713
    4.589719439    0.624303257    0.615393032    7.813131622
    4.609757515    0.594814235    0.581385349    7.814304159
    4.629795591    0.563744728    0.547505536    7.811241326
    4.649833667    0.530637728    0.514216840    7.805220025
    4.669871743    0.495601458    0.482011096    7.797195926
    4.689909820    0.459364747    0.451255732    7.787796101
    4.709947896    0.423060977    0.422087288    7.777424634
    4.729985972    0.387888879    0.394459142    7.766378673
    4.750024048    0.354804315    0.368317222    7.754875619
    4.770062124    0.324330447    0.343743289    7.742975641
    4.790100200    0.296533647    0.320937907    7.730480720
    4.810138277    0.271157266    0.300074336    7.716886986
    4.830176353    0.247835122    0.281167876    7.701394215
    4.850214429    0.226271082    0.264070920    7.682970695
    4.870252505    0.206290099    0.248550936    7.660506004
    4.890290581    0.187751004    0.234305268    7.633032574
    4.910328657    0.170411289    0.220852408    7.599892242
    4.930366733    0.153854642    0.207407633    7.560697970
    4.950404810    0.137523041    0.192888358    7.515068472
    4.970442886    0.120806744    0.176073990    7.462338346
    4.990480962    0.103108032    0.155833106    7.401529619
    5.010519038    0.083824576    0.131322703    7.331647711
    5.030557114    0.062263396    0.102090416    7.252062427
    5.050595190    0.037564059    0.068040932    7.162695514
    5.070633267    0.008727583    0.029304648    7.063934235
    5.090671343   -0.025229358   -0.013886960    6.956363762
    5.110709419   -0.065067344   -0.061239701    6.840457223
    5.130747495   -0.111124691   -0.112329059    6.716321700
    5.150785571   -0.163120968   -0.166437796    6.583523820
    5.170823647   -0.219967922   -0.222356214    6.440977527
    5.190861723   -0.279651168   -0.278269248    6.286903357
    5.210899800   -0.339279358   -0.331837749    6.118916809
    5.230937876   -0.395400017   -0.380476048    5.934290373
    5.250975952   -0.444595372   -0.421774450    5.730347250
    5.271014028   -0.484180240   -0.453992230    5.504867893
    5.291052104   -0.512702935   -0.476435243    5.256384318
    5.311090180   -0.530038301   -0.489483520    4.984297497
    5.331128257   -0.537092721   -0.494241193    4.688860400
    5.351166333   -0.535336794   -0.492055751    4.371192092
    5.371204409   -0.526397959   -0.484180284    4.033502755
    5.391242485   -0.511811630   -0.471655847    3.679487681
    5.411280561   -0.492898947   -0.455322909    3.314589936
    5.431318637   -0.470703815   -0.435852741    2.945874243
    5.451356713   -0.445968303   -0.413772110    2.581489495
    5.471394790   -0.419179232   -0.389523387    2.229796702
    5.491432866   -0.390697747   -0.363574028    1.898261157
    5.511470942   -0.360910571   -0.336510487    1.592361820
    5.531509018   -0.330328466   -0.309043881    1.314920005
    5.551547094   -0.299615395   -0.281938157    1.066138966
    5.571585170   -0.269568026   -0.255941390    0.844313586
    5.591623246   -0.241064638   -0.231784769    0.646841433
    5.611661323   -0.215011371   -0.210240304    0.471063776
    5.631699399   -0.192324428   -0.192165366    0.314680978
    5.651737475   -0.173961343   -0.178459194    0.175819149
    5.671775551   -0.160952528   -0.169921516    0.052964244
    5.691813627   -0.154342706   -0.167084771   -0.055121435
    5.711851703   -0.154983711   -0.170108093   -0.149516276
    5.731889780   -0.163219398   -0.178756251   -0.231300884
    5.751927856   -0.178619877   -0.192422847   -0.301687394
    5.771965932   -0.199961920   -0.210171651   -0.362038281
    5.792004008   -0.225527828   -0.230821003   -0.413811557
    5.812042084   -0.253570001   -0.253093499   -0.458520726
    5.832080160   -0.282677440   -0.275813261   -0.497698189
    5.852118236   -0.311902676   -0.298116254   -0.532779195
    5.872156313   -0.340713086   -0.319613510   -0.564901050
    5.892194389   -0.368896193   -0.340413312   -0.594710198
    5.912232465   -0.396476312   -0.360968901   -0.622263906
    5.932270541   -0.423643385   -0.381843711   -0.647045524
    5.952308617   -0.450701056   -0.403514252   -0.668071582
    5.972346693   -0.478028084   -0.426246430   -0.684082069
    5.992384770   -0.506000921   -0.450021874   -0.693821360
    6.012422846   -0.534846415   -0.474518164   -0.696366281
    6.032460922   -0.564486963   -0.499176749   -0.691385488
    6.052498998   -0.594482524   -0.523358533   -0.679226880
    6.072537074   -0.624118918   -0.546541762   -0.660813745
    6.092575150   -0.652612181   -0.568508986   -0.637409854
    6.112613226   -0.679352926   -0.589474975   -0.610346333
    6.132651303   -0.704099640   -0.610103812   -0.580780987
    6.152689379   -0.727048092   -0.631383137   -0.549528684
    6.172727455   -0.748765217   -0.654392699   -0.517003325
    6.192765531   -0.770028078   -0.680054854   -0.483298309
    6.212803607   -0.791612033   -0.708924105   -0.448356773
    6.232841683   -0.814080475   -0.741035796   -0.412127890
    6.252879760   -0.837650076   -0.775858463   -0.374638910
    6.272917836   -0.862171635   -0.812398437   -0.335979354
    6.292955912   -0.887195024   -0.849420033   -0.296241581
    6.312993988   -0.912054430   -0.885654457   -0.255471866
    6.333032064   -0.935934306   -0.919883944   -0.213652385
    6.353070140   -0.957925308   -0.950901097   -0.170707874
    6.373108216   -0.977098446   -0.977455215   -0.126535807
    6.393146293   -0.992586794   -0.998303700   -0.081056075
    6.413184369   -1.003630192   -1.012381786   -0.034268187
    6.433222445   -1.009575858   -1.018991170    0.013691170
    6.453260521   -1.009889210   -1.017893304    0.062511259
    6.473298597   -1.004221541   -1.009273206    0.111735018
    6.493336673   -0.992505772   -0.993621793    0.160863438
    6.513374749   -0.975007129   -0.971609914    0.209478633
    6.533412826   -0.952297626   -0.944012246    0.257315117
    6.553450902   -0.925185664   -0.911696233    0.304265042
    6.573488978   -0.894645437   -0.875633317    0.350340014
    6.593527054   -0.861767832   -0.836878905    0.395608723
    6.613565130   -0.827726894   -0.796521982    0.440136298
    6.633603206   -0.793732729   -0.755650366    0.483952560
    6.653641283   -0.760934112   -0.715355111    0.527045077
    6.673679359   -0.730266009   -0.676738261    0.569357803
    6.693717435   -0.702305199   -0.640867524    0.610790056
    6.713755511   -0.677236895   -0.608664569    0.651191099
    6.733793587   -0.654973504   -0.580767550    0.690346508
    6.753831663   -0.635325364   -0.557420792    0.727972541
    6.773869739   -0.618059847   -0.538419357    0.763730754
    6.793907816   -0.602810085   -0.523116936    0.797245702
    6.813945892   -0.588968982   -0.510519339    0.828103825
    6.833983968   -0.575711439   -0.499480871    0.855835754
    6.854022044   -0.562146591   -0.488954965    0.879916539
    6.874060120   -0.547508369   -0.478203876    0.899836844
    6.894098196   -0.531306730   -0.466905889    0.915257429
    6.914136273   -0.513401760   -0.455152021    0.926170812
    6.934174349   -0.493999264   -0.443354754    0.932964870
    6.954212425   -0.473590232   -0.432109550    0.936357390
    6.974250501   -0.452848299   -0.422048165    0.937254550
    6.994288577   -0.432493942   -0.413700190    0.936606529
    7.014326653   -0.413153939   -0.407360066    0.935315460
    7.034364729   -0.395252583   -0.402966156    0.934215490
    7.054402806   -0.378957701   -0.400035517    0.934092934
    7.074440882   -0.364195593   -0.397721358    0.935683923
    7.094478958   -0.350737181   -0.395026248    0.939613041
    7.114517034   -0.338326449   -0.391104673    0.946295569
    7.134555110   -0.326794183   -0.385496005    0.955863878
    7.154593186   -0.316108847   -0.378163030    0.968173061
    7.174631263   -0.306361816   -0.369360682    0.982900288
    7.194669339   -0.297719285   -0.359468275    0.999690036
    7.214707415   -0.290362405   -0.348895350    1.018258216
    7.234745491   -0.284416681   -0.338075164    1.038409948
    7.254783567   -0.279883964   -0.327489720    1.060007856
    7.274821643   -0.276611262   -0.317666373    1.082942921
    7.294859719   -0.274324158   -0.309122496    1.107119061
    7.314897796   -0.272717060   -0.302271236    1.132458624
    7.334935872   -0.271548831   -0.297324148    1.158938986
    7.354973948   -0.270687113   -0.294231885    1.186613579
    7.375012024   -0.270093914   -0.292689089    1.215538791
    7.395050100   -0.269790139   -0.292206269    1.245610174
    7.415088176   -0.269830904   -0.292235112    1.276417968
    7.435126253   -0.270293520   -0.292323677    1.307234578
    7.455164329   -0.271271492   -0.292263094    1.337146847
    7.475202405   -0.272875040   -0.292167946    1.365242516
    7.495240481   -0.275229690   -0.292435482    1.390749057
    7.515278557   -0.278454306   -0.293578625    1.413103484
    7.535316633   -0.282623176   -0.296000268    1.431986894
    7.555354709   -0.287746815   -0.299814148    1.447326769
    7.575392786   -0.293792618   -0.304792875    1.459244299
    7.595430862   -0.300727024   -0.310455553    1.467963042
    7.615468938   -0.308545660   -0.316235401    1.473733449
    7.635507014   -0.317264752   -0.321635066    1.476808899
    7.655545090   -0.326852574   -0.326300316    1.477465941
    7.675583166   -0.337098119   -0.329991822    1.476046509
    7.695621242   -0.347457829   -0.332477858    1.472995663
    7.715659319   -0.356965039   -0.333408011    1.468854316
    7.735697395   -0.364296197   -0.332255338    1.464180272
    7.755735471   -0.368024678   -0.328387208    1.459418701
    7.775773547   -0.366969147   -0.321229620    1.454778671
    7.795811623   -0.360472147   -0.310425229    1.450167879
    7.815849699   -0.348496103   -0.295922977    1.445205158
    7.835887776   -0.331531174   -0.277995250    1.439294214
    7.855925852   -0.310393727   -0.257190128    1.431710555
    7.875963928   -0.286019854   -0.234231550    1.421643452
    7.896002004   -0.259319019   -0.209893468    1.408180212
    7.916040080   -0.231098554   -0.184879126    1.390302080
    7.936078156   -0.202042904   -0.159738855    1.366985656
    7.956116232   -0.172719718   -0.134845348    1.337414391
    7.976154309   -0.143581032   -0.110409465    1.301171440
    7.996192385   -0.114941532   -0.086504436    1.258242041
    8.016230461   -0.086943138   -0.063088215    1.208787806
    8.036268537   -0.059540998   -0.040035183    1.152885985
    8.056306613   -0.032548845   -0.017183346    1.090487496
    8.076344689   -0.005747575    0.005613332    1.021632114
    8.096382766    0.020989488    0.028442058    0.946732017
    8.116420842    0.047625086    0.051304958    0.866727653
    8.136458918    0.073981245    0.074115238    0.783070570
    8.156496994    0.099831962    0.096722150    0.697621905
    8.176535070    0.124995613    0.118959879    0.612544623
    8.196573146    0.149373932    0.140702490    0.530163228
    8.216611222    0.172933871    0.161903509    0.452740889
    8.236649299    0.195667949    0.182603949    0.382209395
    8.256687375    0.217581651    0.202904156    0.319963081
    8.276725451    0.238727386    0.222904136    0.266806956
    8.296763527    0.259246284    0.242631693    0.223049219
    8.316801603    0.279356187    0.262000063    0.188656814
    8.336839679    0.299278000    0.280834636    0.163395212
    8.356877756    0.319163699    0.298967162    0.146888494
    8.376915832    0.339086870    0.316348328    0.138571959
    8.396953908    0.359091328    0.333115938    0.137598653
    8.416991984    0.379244417    0.349582027    0.142806742
    8.437030060    0.399646925    0.366143305    0.152786934
    8.457068136    0.420395099    0.383157554    0.165994929
    8.477106212    0.441531891    0.400849667    0.180833383
    8.497144289    0.463028032    0.419289753    0.195692610
    8.517182365    0.484801297    0.438430800    0.209030354
    8.537220441    0.506750130    0.458158848    0.219583574
    8.557258517    0.528774133    0.478324332    0.226688185
    8.577296593    0.550776584    0.498761181    0.230539230
    8.597334669    0.572663244    0.519313341    0.232206469
    8.617372745    0.594346338    0.539869572    0.233360802
    8.637410822    0.615749923    0.560388668    0.235845267
    8.657448898    0.636814438    0.580897424    0.241283956
    8.677486974    0.657502077    0.601458929    0.250840871
    8.697525050    0.677800624    0.622129584    0.265130643
    8.717563126    0.697722114    0.642931329    0.284235164
    8.737601202    0.717295257    0.663850140    0.307792243
    8.757639279    0.736553036    0.684849581    0.335141909
    8.777677355    0.755521043    0.705885074    0.365506898
    8.797715431    0.774209081    0.726913667    0.398158133
    8.817753507    0.792598143    0.747891794    0.432509949
    8.837791583    0.810616424    0.768751793    0.468125054
    8.857829659    0.828113875    0.789367010    0.504665259
    8.877867735    0.844853055    0.809531513    0.541850614
    8.897905812    0.860526050    0.828970032    0.579453564
    8.917943888    0.874798963    0.847373362    0.617296893
    8.937981964    0.887384314    0.864446947    0.655226646
    8.958020040    0.898132625    0.879966250    0.693089818
    8.978058116    0.907108741    0.893833977    0.730759825
    8.998096192    0.914602248    0.906119673    0.768185792
    9.018134269    0.921052745    0.917049833    0.805392031
    9.038172345    0.926931271    0.926939840    0.842403190
    9.058210421    0.932645925    0.936109556    0.879158899
    9.078248497    0.938509924    0.944840366    0.915490907
    9.098286573    0.944752907    0.953383693    0.951165760
    9.118324649    0.951525498    0.961973153    0.985950532
    9.138362725    0.958875923    0.970790240    1.019671842
    9.158400802    0.966724506    0.979892100    1.052258313
    9.178438878    0.974873678    0.989167537    1.083753904
    9.198476954    0.983067459    0.998374968    1.114274693
    9.218515030    0.991075019    1.007245362    1.143897267
    9.238553106    0.998752108    1.015584337    1.172529987
    9.258591182    1.006056637    1.023323429    1.199845064
    9.278629259    1.013027652    1.030522478    1.225285110
    9.298667335    1.019750199    1.037356234    1.248093187
    9.318705411    1.026329367    1.044093952    1.267332767
    9.338743487    1.032879948    1.051044050    1.281914718
    9.358781563    1.039514131    1.058457002    1.290656006
    9.378819639    1.046317641    1.066439775    1.292370641
    9.398857715    1.053333097    1.074946231    1.285985044
    9.418895792    1.060572463    1.083847787    1.270674452
    9.438933868    1.068059888    1.093030061    1.246005459
    9.458971944    1.075882755    1.102457132    1.212039714
    9.479010020    1.084211971    1.112173388    1.169349972
    9.499048096    1.093264305    1.122246351    1.118958507
    9.519086172    1.103221228    1.132686073    1.062254410
    9.539124248    1.114144200    1.143390467    1.000895232
    9.559162325    1.125918324    1.154143420    0.936636000
    9.579200401    1.138241447    1.164654906    0.871078200
    9.599238477    1.150656078    1.174615835    0.805439562
    9.619276553    1.162600438    1.183743997    0.740473758
    9.639314629    1.173462546    1.191807394    0.676576987
    9.659352705    1.182644745    1.198619546    0.613991047
    9.679390782    1.189640897    1.204003677    0.552972406
    9.699428858    1.194110774    1.207746954    0.493855602
    9.719466934    1.195944914    1.209605843    0.437003926
    9.739505010    1.195319296    1.209399835    0.382691611
    9.759543086    1.192709833    1.207142579    0.331012512
    9.779581162    1.188820360    1.203119127    0.281893337
    9.799619238    1.184429967    1.197870357    0.235196816
    9.819657315    1.180240257    1.192110531    0.190831012
    9.839695391    1.176802026    1.186616218    0.148783782
    9.859733467    1.174518222    1.182114529    0.109051150
    9.879771543    1.173661410    1.179201116    0.071504536
    9.899809619    1.174369633    1.178306495    0.035799690
    9.919847695    1.176640962    1.179697584    0.001402545
    9.939885772    1.180364947    1.183491101   -0.032292935
    9.959923848    1.185394635    1.189664632   -0.065840591
    9.979961924    1.191612486    1.198052256   -0.099656774
   10.000000000    1.198933997    1.208320328   -0.133962855
