# energy grid [eV]     epsr_x  epsr_y  epsr_z
#
    0.001000000******************************    6.570787379
    0.021038076 -997.785915736  -56.679976337    5.617813624
    0.041076152 -240.399682512   -5.853843445    5.548919184
    0.061114228  -96.026626088    3.654917726    5.521004819
    0.081152305  -46.108786041    6.875592209    5.506220617
    0.101190381  -23.664697277    8.287264825    5.497870187
    0.121228457  -11.923097525    8.996910464    5.493073984
    0.141266533   -5.125428553    9.379435561    5.490229920
    0.161304609   -0.887644995    9.589244913    5.488292522
    0.181342685    1.901325906    9.700271900    5.486521773
    0.201380762    3.796652460    9.752883732    5.484371824
    0.221418838    5.083077251    9.771351883    5.481421508
    0.241456914    5.905803351    9.770916850    5.477324484
    0.261494990    6.341617956    9.761244182    5.471759823
    0.281533066    6.444497284    9.748589001    5.464365445
    0.301571142    6.275188298    9.737199312    5.454677569
    0.321609218    5.914110609    9.729990145    5.442139000
    0.341647295    5.457340213    9.728686070    5.426217794
    0.361685371    5.000991443    9.733972807    5.406595546
    0.381723447    4.621871325    9.746064805    5.383322044
    0.401761523    4.362870360    9.765453236    5.356866589
    0.421799599    4.231401752    9.793225584    5.328084766
    0.441837675    4.211789660    9.830706872    5.298145837
    0.461875752    4.281859581    9.878804946    5.268399192
    0.481913828    4.422504947    9.937601007    5.240132249
    0.501951904    4.617644472   10.006347251    5.214300407
    0.521989980    4.850521726   10.083667203    5.191422247
    0.542028056    5.102590717   10.167722031    5.171705331
    0.562066132    5.355647262   10.256271970    5.155232528
    0.582104208    5.594193520   10.346696449    5.141987541
    0.602142285    5.806188201   10.436046292    5.131693137
    0.622180361    5.983160655   10.521140672    5.123673789
    0.642218437    6.121157239   10.598686708    5.116967052
    0.662256513    6.221925699   10.665427600    5.110688088
    0.682294589    6.292472094   10.718391003    5.104449294
    0.702332665    6.342481884   10.755323703    5.098594727
    0.722370741    6.381138212   10.775238499    5.094099741
    0.742408818    6.415270910   10.778749526    5.092168964
    0.762446894    6.449487099   10.767935226    5.093752340
    0.782484970    6.487524678   10.745928651    5.099238492
    0.802523046    6.533657136   10.716616391    5.108436883
    0.822561122    6.593167314   10.684410192    5.120770073
    0.842599198    6.671391181   10.653822772    5.135517503
    0.862637275    6.771859776   10.628958781    5.151995869
    0.882675351    6.894869314   10.613271564    5.169645721
    0.902713427    7.037413778   10.609571089    5.188048589
    0.922751503    7.194305237   10.619871253    5.206910386
    0.942789579    7.359644135   10.644787771    5.226035802
    0.962827655    7.527943251   10.682709447    5.245304920
    0.982865731    7.694680594   10.729328350    5.264655294
    1.002903808    7.856366075   10.777995401    5.284068342
    1.022941884    8.010302119   10.820954383    5.303556183
    1.042979960    8.154266097   10.851106239    5.323145407
    1.063018036    8.286303716   10.863642329    5.342858358
    1.083056112    8.404631471   10.856794834    5.362696742
    1.103094188    8.507550774   10.831431858    5.382631475
    1.123132265    8.593396613   10.790044828    5.402597886
    1.143170341    8.660609403   10.735868878    5.422494186
    1.163208417    8.707935949   10.672297001    5.442187255
    1.183246493    8.734732108   10.602401761    5.461534753
    1.203284569    8.741349256   10.528616457    5.480423380
    1.223322645    8.729477997   10.452729924    5.498802453
    1.243360721    8.702203012   10.376036214    5.516685969
    1.263398798    8.663630257   10.299339995    5.534120449
    1.283436874    8.618201424   10.222775185    5.551144571
    1.303474950    8.569944629   10.145603097    5.567766134
    1.323513026    8.521904326   10.066202938    5.583961493
    1.343551102    8.475909848    9.982496378    5.599691652
    1.363589178    8.432634992    9.892777881    5.614924367
    1.383627255    8.391767050    9.796365149    5.629638431
    1.403665331    8.352280302    9.693421743    5.643786517
    1.423703407    8.312979583    9.584082630    5.657229660
    1.443741483    8.273242214    9.467768303    5.669695266
    1.463779559    8.233538440    9.343394524    5.680799384
    1.483817635    8.195383936    9.210379786    5.690126482
    1.503855711    8.160808598    9.069826840    5.697329474
    1.523893788    8.131709775    8.925260248    5.702208453
    1.543931864    8.109373692    8.782536766    5.704736968
    1.563969940    8.094262901    8.648926564    5.705041154
    1.584008016    8.086104054    8.531801265    5.703367713
    1.604046092    8.084234653    8.437419975    5.700051723
    1.624084168    8.087992953    8.369996314    5.695458454
    1.644122244    8.096891796    8.331152495    5.689893939
    1.664160321    8.110561745    8.320004223    5.683529461
    1.684198397    8.128683868    8.333918060    5.676393010
    1.704236473    8.151031176    8.369510035    5.668440286
    1.724274549    8.177520334    8.423314529    5.659676553
    1.744312625    8.208157399    8.491936597    5.650282893
    1.764350701    8.242883816    8.571998453    5.640695476
    1.784388778    8.281440661    8.660275458    5.631588361
    1.804426854    8.323367281    8.754031005    5.623739424
    1.824464930    8.368114090    8.851218238    5.617806402
    1.844503006    8.415135400    8.950297819    5.614078159
    1.864541082    8.463855642    9.049762223    5.612301226
    1.884579158    8.513514705    9.147698990    5.611683492
    1.904617234    8.563027262    9.241661222    5.611095362
    1.924655311    8.611016996    9.328870774    5.609378580
    1.944693387    8.656017342    9.406644342    5.605631661
    1.964731463    8.696756422    9.472957595    5.599372022
    1.984769539    8.732632099    9.527066390    5.590539708
    2.004807615    8.764415360    9.569936734    5.579388796
    2.024845691    8.794699323    9.604055200    5.566364132
    2.044883768    8.827440595    9.632417956    5.552025494
    2.064921844    8.866609791    9.657129331    5.536992101
    2.084959920    8.914715593    9.678391505    5.521854277
    2.104997996    8.971968549    9.694353987    5.507069665
    2.125036072    9.036371800    9.701829854    5.492913950
    2.145074148    9.104664760    9.697637883    5.479514517
    2.165112224    9.173807825    9.680000240    5.466934310
    2.185150301    9.242412258    9.649159826    5.455260565
    2.205188377    9.311390110    9.606853395    5.444655966
    2.225226453    9.383434611    9.555216197    5.435333810
    2.245264529    9.461672988    9.495998541    5.427463790
    2.265302605    9.548352177    9.430468654    5.421079573
    2.285340681    9.644194111    9.359805952    5.416056053
    2.305378758    9.748404188    9.285552774    5.412153278
    2.325416834    9.858932885    9.209739053    5.409087261
    2.345454910    9.972686197    9.134548267    5.406606666
    2.365492986   10.085679670    9.061722455    5.404561803
    2.385531062   10.193303050    8.992062241    5.402944022
    2.405569138   10.290765983    8.925224527    5.401887943
    2.425607214   10.373515012    8.859736792    5.401648387
    2.445645291   10.437239694    8.793071402    5.402555305
    2.465683367   10.477305073    8.721775919    5.404935680
    2.485721443   10.487958532    8.641811984    5.409012762
    2.505759519   10.462011514    8.549299966    5.414830380
    2.525797595   10.391560697    8.441664356    5.422244663
    2.545835671   10.269720763    8.318728121    5.430978650
    2.565873747   10.092626799    8.183029959    5.440703922
    2.585911824    9.860686159    8.038922483    5.451114504
    2.605949900    9.578574664    7.890720729    5.461964612
    2.625987976    9.254289088    7.740811467    5.473059076
    2.646026052    8.897864490    7.588730602    5.484230270
    2.666064128    8.520145441    7.431659855    5.495366772
    2.686102204    8.131763695    7.265969120    5.506514287
    2.706140281    7.742341319    7.088908651    5.517967647
    2.726178357    7.359822786    6.899619571    5.530236900
    2.746216433    6.989887853    6.699178339    5.543875261
    2.766254509    6.635659194    6.490038491    5.559289863
    2.786292585    6.297911154    6.275451021    5.576657716
    2.806330661    5.975551001    6.059080114    5.595961280
    2.826368737    5.665980964    5.844599197    5.617087340
    2.846406814    5.365348715    5.635058998    5.639935287
    2.866444890    5.069028934    5.432141597    5.664485640
    2.886482966    4.772524375    5.235602678    5.690787051
    2.906521042    4.472595377    5.043103192    5.718871996
    2.926559118    4.168142355    4.850520680    5.748666262
    2.946597194    3.860360556    4.652818923    5.779951036
    2.966635271    3.552118326    4.445398844    5.812390278
    2.986673347    3.247068591    4.225554704    5.845600050
    3.006711423    2.949079041    3.993490451    5.879221303
    3.026749499    2.662210504    3.752540951    5.912971274
    3.046787575    2.391148973    3.508764245    5.946679715
    3.066825651    2.141690771    3.270355045    5.980306040
    3.086863727    1.920667156    3.046952403    6.013894332
    3.106901804    1.735065792    2.848496311    6.047453366
    3.126939880    1.590796772    2.683537697    6.080832374
    3.146977956    1.491646508    2.557533051    6.113674183
    3.167016032    1.438542441    2.471947173    6.145457314
    3.187054108    1.429163735    2.424606660    6.175582870
    3.207092184    1.458122238    2.410951375    6.203453953
    3.227130261    1.517759873    2.425322393    6.228512065
    3.247168337    1.599241731    2.461669985    6.250221154
    3.267206413    1.693628388    2.513716682    6.268025693
    3.287244489    1.792837526    2.574952382    6.281341480
    3.307282565    1.890417681    2.638730034    6.289633164
    3.327320641    1.981923179    2.698559026    6.292585428
    3.347358717    2.064741522    2.748606470    6.290314589
    3.367396794    2.137503823    2.784288154    6.283517135
    3.387434870    2.199364053    2.802701400    6.273440453
    3.407472946    2.249334365    2.802686954    6.261633163
    3.427511022    2.285833790    2.784533018    6.249570989
    3.447549098    2.306731676    2.749550925    6.238332904
    3.467587174    2.310052483    2.699729794    6.228435671
    3.487625251    2.295042410    2.637516337    6.219822017
    3.507663327    2.262901209    2.565694984    6.211957833
    3.527701403    2.216614231    2.487331661    6.204007216
    3.547739479    2.159987864    2.405711829    6.195059869
    3.567777555    2.096584812    2.324204569    6.184370471
    3.587815631    2.029213311    2.246037397    6.171546575
    3.607853707    1.960125317    2.174015203    6.156617807
    3.627891784    1.891571331    2.110196410    6.139978007
    3.647929860    1.826137932    2.055519148    6.122292346
    3.667967936    1.766543689    2.009512319    6.104476826
    3.688006012    1.715032209    1.970366259    6.087716180
    3.708044088    1.672718333    1.935505330    6.073347354
    3.728082164    1.639205242    1.902512948    6.062532825
    3.748120240    1.612689585    1.870030707    6.055904606
    3.768158317    1.590587950    1.838193973    6.053432707
    3.788196393    1.570428061    1.808373908    6.054574691
    3.808234469    1.550582333    1.782416735    6.058565000
    3.828272545    1.530530721    1.761850836    6.064682338
    3.848310621    1.510576413    1.747425049    6.072408444
    3.868348697    1.491223267    1.739059064    6.081452596
    3.888386774    1.472668959    1.736096822    6.091661145
    3.908424850    1.454751249    1.737650089    6.102884613
    3.928462926    1.437219408    1.742807775    6.114910962
    3.948501002    1.419929458    1.750649000    6.127533349
    3.968539078    1.402752745    1.760157568    6.140706345
    3.988577154    1.385292649    1.770120338    6.154669175
    4.008615230    1.366606853    1.779061001    6.169951583
    4.028653307    1.345148465    1.785273748    6.187269958
    4.048691383    1.319117645    1.786962698    6.207386430
    4.068729459    1.287180095    1.782436754    6.231000802
    4.088767535    1.249169592    1.770333703    6.258698309
    4.108805611    1.206288243    1.749817957    6.290938328
    4.128843687    1.160603654    1.720603599    6.328037346
    4.148881764    1.114175417    1.682751338    6.370090999
    4.168919840    1.068425799    1.636451199    6.416841759
    4.188957916    1.024030362    1.582010625    6.467584428
    4.208995992    0.981112494    1.519994394    6.521215812
    4.229034068    0.939498662    1.451334354    6.576451935
    4.249072144    0.898994240    1.377328331    6.632113151
    4.269110220    0.859635495    1.299530196    6.687324055
    4.289148297    0.821775019    1.219534380    6.741550461
    4.309186373    0.785912721    1.138709545    6.794508964
    4.329224449    0.752356458    1.058058471    6.846021189
    4.349262525    0.720912687    0.978349240    6.895880733
    4.369300601    0.690781758    0.900376105    6.943806727
    4.389338677    0.660693177    0.825035131    6.989489266
    4.409376754    0.629185218    0.753154735    7.032600971
    4.429414830    0.594938074    0.685375808    7.072670761
    4.449452906    0.557153137    0.622302693    7.108917123
    4.469490982    0.515934302    0.564749975    7.140237776
    4.489529058    0.472461514    0.513745196    7.165437312
    4.509567134    0.428734424    0.470185372    7.183631127
    4.529605210    0.386951948    0.434369507    7.194701799
    4.549643287    0.348866940    0.405711315    7.199632536
    4.569681363    0.315408812    0.382761232    7.200489875
    4.589719439    0.286661516    0.363488339    7.199919052
    4.609757515    0.262125997    0.345724499    7.200316846
    4.629795591    0.241072059    0.327641527    7.203103939
    4.649833667    0.222771921    0.308082048    7.208435143
    4.669871743    0.206561206    0.286631003    7.215368038
    4.689909820    0.191815601    0.263492240    7.222288940
    4.709947896    0.177939253    0.239315492    7.227376034
    4.729985972    0.164396352    0.215040985    7.228971779
    4.750024048    0.150770375    0.191731573    7.225834204
    4.770062124    0.136833916    0.170344061    7.217251205
    4.790100200    0.122609579    0.151480520    7.202970794
    4.810138277    0.108356873    0.135283449    7.182961822
    4.830176353    0.094408620    0.121606005    7.157152244
    4.850214429    0.080897974    0.110379176    7.125313140
    4.870252505    0.067573249    0.101914261    7.087085577
    4.890290581    0.053878258    0.096872133    7.041953199
    4.910328657    0.039239713    0.095834814    6.989039713
    4.930366733    0.023319807    0.098749317    6.926925262
    4.950404810    0.006083333    0.104679615    6.853793598
    4.970442886   -0.012279569    0.112053259    6.767967586
    4.990480962   -0.031492739    0.119161782    6.668567301
    5.010519038   -0.051365128    0.124534198    6.555900680
    5.030557114   -0.071951911    0.127037655    6.431327715
    5.050595190   -0.093603498    0.125847138    6.296668012
    5.070633267   -0.116815385    0.120475833    6.153533724
    5.090671343   -0.141932452    0.110889187    6.003005954
    5.110709419   -0.168907889    0.097579686    5.845765831
    5.130747495   -0.197283758    0.081486934    5.682389453
    5.150785571   -0.226338412    0.063738646    5.513419963
    5.170823647   -0.255188595    0.045313396    5.339157661
    5.190861723   -0.282761365    0.026806352    5.159478537
    5.210899800   -0.307801113    0.008397328    4.973952817
    5.230937876   -0.329086564   -0.010004752    4.782173738
    5.250975952   -0.345784105   -0.028492091    4.584019460
    5.271014028   -0.357682607   -0.046839830    4.379727132
    5.291052104   -0.365123132   -0.064300464    4.169846250
    5.311090180   -0.368646217   -0.079663352    3.955193166
    5.331128257   -0.368557657   -0.091552551    3.736940100
    5.351166333   -0.364666181   -0.098760581    3.516859026
    5.371204409   -0.356339070   -0.100439111    3.297455744
    5.391242485   -0.342831209   -0.096155029    3.081648457
    5.411280561   -0.323710710   -0.085940532    2.872051054
    5.431318637   -0.299187213   -0.070374134    2.670359882
    5.451356713   -0.270224985   -0.050576162    2.477217033
    5.471394790   -0.238418898   -0.028008490    2.292447016
    5.491432866   -0.205667256   -0.004123109    2.115373478
    5.511470942   -0.173749621    0.019955436    1.945107511
    5.531509018   -0.144015304    0.043519665    1.780844259
    5.551547094   -0.117343152    0.066077141    1.622125432
    5.571585170   -0.094309490    0.086980449    1.468952012
    5.591623246   -0.075336516    0.105145264    1.321699934
    5.611661323   -0.060690710    0.119076155    1.180875479
    5.631699399   -0.050437523    0.127193304    1.046803493
    5.651737475   -0.044514786    0.128235784    0.919416205
    5.671775551   -0.042888341    0.121516851    0.798296918
    5.691813627   -0.045597971    0.106964275    0.682968915
    5.711851703   -0.052625756    0.085005284    0.573245708
    5.731889780   -0.063754443    0.056386502    0.469406876
    5.751927856   -0.078607256    0.022011904    0.372093656
    5.771965932   -0.096846104   -0.017137344    0.282050316
    5.792004008   -0.118332178   -0.059996030    0.199924365
    5.812042084   -0.143111504   -0.105379452    0.126205943
    5.832080160   -0.171265765   -0.151980873    0.061242459
    5.852118236   -0.202766019   -0.198432542    0.005239794
    5.872156313   -0.237430747   -0.243440120   -0.041792483
    5.892194389   -0.274981775   -0.285966148   -0.080124374
    5.912232465   -0.315106502   -0.325396570   -0.110342917
    5.932270541   -0.357455660   -0.361626564   -0.133307510
    5.952308617   -0.401596471   -0.395047509   -0.150074088
    5.972346693   -0.446967750   -0.426447940   -0.161843638
    5.992384770   -0.492844776   -0.456838259   -0.169897183
    6.012422846   -0.538323284   -0.487215491   -0.175439970
    6.032460922   -0.582365392   -0.518319765   -0.179354382
    6.052498998   -0.623933370   -0.550456650   -0.181977370
    6.072537074   -0.662171902   -0.583440628   -0.183071741
    6.092575150   -0.696556283   -0.616678650   -0.182060777
    6.112613226   -0.726935856   -0.649369859   -0.178406639
    6.132651303   -0.753457543   -0.680743059   -0.171921737
    6.152689379   -0.776426158   -0.710245541   -0.162860317
    6.172727455   -0.796192850   -0.737658769   -0.151769991
    6.192765531   -0.813124089   -0.763154389   -0.139220756
    6.212803607   -0.827640130   -0.787279812   -0.125590315
    6.232841683   -0.840284414   -0.810839819   -0.110998287
    6.252879760   -0.851778634   -0.834662929   -0.095324636
    6.272917836   -0.863004364   -0.859313144   -0.078217279
    6.292955912   -0.874853179   -0.884870572   -0.059120369
    6.312993988   -0.887958415   -0.910877464   -0.037414623
    6.333032064   -0.902433876   -0.936454055   -0.012633129
    6.353070140   -0.917767715   -0.960524325    0.015406429
    6.373108216   -0.932928903   -0.982075987    0.046630715
    6.393146293   -0.946644016   -1.000362052    0.080795047
    6.413184369   -0.957742023   -1.014959534    0.117485475
    6.433222445   -0.965427734   -1.025694923    0.156071117
    6.453260521   -0.969362377   -1.032536413    0.195762847
    6.473298597   -0.969535909   -1.035522545    0.235814352
    6.493336673   -0.966044225   -1.034716235    0.275703534
    6.513374749   -0.958920415   -1.030160291    0.315132349
    6.533412826   -0.948088799   -1.021842183    0.353865179
    6.553450902   -0.933410383   -1.009685595    0.391557374
    6.573488978   -0.914757703   -0.993586540    0.427699279
    6.593527054   -0.892085334   -0.973507610    0.461691672
    6.613565130   -0.865493960   -0.949598911    0.492971008
    6.633603206   -0.835294265   -0.922272847    0.521088403
    6.653641283   -0.802060873   -0.892195375    0.545727529
    6.673679359   -0.766645431   -0.860225179    0.566716749
    6.693717435   -0.730122857   -0.827344525    0.584063084
    6.713755511   -0.693671093   -0.794581171    0.597979836
    6.733793587   -0.658406928   -0.762892953    0.608884191
    6.753831663   -0.625221686   -0.733018844    0.617373654
    6.773869739   -0.594676442   -0.705355631    0.624191968
    6.793907816   -0.566991066   -0.679925175    0.630173850
    6.813945892   -0.542107958   -0.656439600    0.636140330
    6.833983968   -0.519790931   -0.634411810    0.642734321
    6.854022044   -0.499739835   -0.613252411    0.650257408
    6.874060120   -0.481712172   -0.592336513    0.658621210
    6.894098196   -0.465620895   -0.571069136    0.667471339
    6.914136273   -0.451549723   -0.548979007    0.676414972
    6.934174349   -0.439638663   -0.525817396    0.685210315
    6.954212425   -0.429871532   -0.501592691    0.693840586
    6.974250501   -0.421905560   -0.476509807    0.702514481
    6.994288577   -0.415100937   -0.450866026    0.711649191
    7.014326653   -0.408768280   -0.424966227    0.721822837
    7.034364729   -0.402469886   -0.399063299    0.733671936
    7.054402806   -0.396169314   -0.373307542    0.747746669
    7.074440882   -0.390147818   -0.347719551    0.764361278
    7.094478958   -0.384764901   -0.322213454    0.783509357
    7.114517034   -0.380228050   -0.296674718    0.804903942
    7.134555110   -0.376512398   -0.271072424    0.828105632
    7.154593186   -0.373439332   -0.245563057    0.852647810
    7.174631263   -0.370793776   -0.220528283    0.878128329
    7.194669339   -0.368362432   -0.196514523    0.904277013
    7.214707415   -0.365884293   -0.174094780    0.930967818
    7.234745491   -0.362991552   -0.153714074    0.958138919
    7.254783567   -0.359213776   -0.135598064    0.985663943
    7.274821643   -0.354051175   -0.119780792    1.013280519
    7.294859719   -0.347073645   -0.106225067    1.040633339
    7.314897796   -0.338005143   -0.094936740    1.067377962
    7.334935872   -0.326773862   -0.085996590    1.093247762
    7.354973948   -0.313520690   -0.079510729    1.118054809
    7.375012024   -0.298566638   -0.075519911    1.141696586
    7.395050100   -0.282352553   -0.073900139    1.164239932
    7.415088176   -0.265369292   -0.074277249    1.186022886
    7.435126253   -0.248085669   -0.075983403    1.207630618
    7.455164329   -0.230883012   -0.078089503    1.229706409
    7.475202405   -0.214023524   -0.079539980    1.252719178
    7.495240481   -0.197670005   -0.079375643    1.276817860
    7.515278557   -0.181939987   -0.076966713    1.301790759
    7.535316633   -0.166969528   -0.072156744    1.327095279
    7.555354709   -0.152972961   -0.065274534    1.351955507
    7.575392786   -0.140273768   -0.057040692    1.375514720
    7.595430862   -0.129267984   -0.048402972    1.396971117
    7.615468938   -0.120312819   -0.040317103    1.415639854
    7.635507014   -0.113595446   -0.033521577    1.430968358
    7.655545090   -0.109060239   -0.028388543    1.442560592
    7.675583166   -0.106422816   -0.024888771    1.450210062
    7.695621242   -0.105230669   -0.022637863    1.453886368
    7.715659319   -0.104911582   -0.020979272    1.453634163
    7.735697395   -0.104787031   -0.019095293    1.449420821
    7.755735471   -0.104080230   -0.016162890    1.441039446
    7.775773547   -0.101970644   -0.011550197    1.428159114
    7.795811623   -0.097712751   -0.004990417    1.410522939
    7.815849699   -0.090772283    0.003359636    1.388199297
    7.835887776   -0.080898832    0.013019986    1.361740877
    7.855925852   -0.068092537    0.023401879    1.332146395
    7.875963928   -0.052501312    0.034034109    1.300663693
    7.896002004   -0.034329321    0.044700966    1.268577108
    7.916040080   -0.013820289    0.055439981    1.237036751
    7.936078156    0.008684681    0.066430726    1.206853235
    7.956116232    0.032685789    0.077873205    1.178243425
    7.976154309    0.057542779    0.089934338    1.150686637
    7.996192385    0.082592000    0.102759977    1.123049919
    8.016230461    0.107302540    0.116497078    1.093945180
    8.036268537    0.131382683    0.131287025    1.062131099
    8.056306613    0.154782193    0.147245500    1.026803928
    8.076344689    0.177608281    0.164464950    0.987742030
    8.096382766    0.200026303    0.183038116    0.945332999
    8.116420842    0.222199791    0.203067776    0.900506575
    8.136458918    0.244271378    0.224648149    0.854593733
    8.156496994    0.266362678    0.247841998    0.809131618
    8.176535070    0.288573864    0.272676380    0.765619897
    8.196573146    0.310967950    0.299142516    0.725258495
    8.216611222    0.333541828    0.327169066    0.688743237
    8.236649299    0.356209831    0.356572111    0.656185915
    8.256687375    0.378823510    0.387026719    0.627181636
    8.276725451    0.401223043    0.418097656    0.601011982
    8.296763527    0.423296166    0.449318970    0.576921310
    8.316801603    0.445024156    0.480279162    0.554351182
    8.336839679    0.466499850    0.510675575    0.533035740
    8.356877756    0.487904631    0.540324078    0.512953896
    8.376915832    0.509448370    0.569121297    0.494211618
    8.396953908    0.531304447    0.596969811    0.476936266
    8.416991984    0.553577983    0.623709154    0.461232270
    8.437030060    0.576318384    0.649112414    0.447197004
    8.457068136    0.599554872    0.672966675    0.434953641
    8.477106212    0.623319994    0.695181740    0.424653238
    8.497144289    0.647641000    0.715844579    0.416425949
    8.517182365    0.672510709    0.735189205    0.410304138
    8.537220441    0.697861652    0.753521726    0.406164416
    8.557258517    0.723554006    0.771153398    0.403718309
    8.577296593    0.749377416    0.788360105    0.402563742
    8.597334669    0.775064682    0.805361479    0.402310213
    8.617372745    0.800310779    0.822311030    0.402753392
    8.637410822    0.824791127    0.839292445    0.403999301
    8.657448898    0.848180492    0.856314325    0.406416883
    8.677486974    0.870173379    0.873293341    0.410397997
    8.697525050    0.890502232    0.890037430    0.416068521
    8.717563126    0.908955573    0.906265205    0.423166570
    8.737601202    0.925400984    0.921674144    0.431201006
    8.757639279    0.939802797    0.936021867    0.439801291
    8.777677355    0.952214829    0.949175232    0.449014156
    8.797715431    0.962749219    0.961107281    0.459328439
    8.817753507    0.971553244    0.971850566    0.471427050
    8.837791583    0.978823140    0.981433177    0.485873229
    8.857829659    0.984841772    0.989820927    0.502927820
    8.877867735    0.989989311    0.996882817    0.522532333
    8.897905812    0.994679313    1.002402588    0.544409796
    8.917943888    0.999221966    1.006151174    0.568254189
    8.937981964    1.003686594    1.007999374    0.593947059
    8.958020040    1.007858093    1.008019099    0.621669834
    8.978058116    1.011320071    1.006525921    0.651815947
    8.998096192    1.013622263    1.004042567    0.684747845
    9.018134269    1.014472712    1.001190541    0.720545396
    9.038172345    1.013902920    0.998548134    0.758876602
    9.058210421    1.012338597    0.996535417    0.799042101
    9.078248497    1.010508416    0.995366317    0.840159823
    9.098286573    1.009205033    0.995059186    0.881394066
    9.118324649    1.009029866    0.995481924    0.922126242
    9.138362725    1.010262157    0.996426413    0.962003787
    9.158400802    1.012877461    0.997697509    1.000856808
    9.178438878    1.016647134    0.999164192    1.038532271
    9.198476954    1.021248233    1.000741511    1.074741759
    9.218515030    1.026341952    1.002350506    1.109003612
    9.238553106    1.031600732    1.003913540    1.140686939
    9.258591182    1.036692563    1.005378531    1.169101529
    9.278629259    1.041261239    1.006741975    1.193575791
    9.298667335    1.044954337    1.008058479    1.213499067
    9.318705411    1.047516491    1.009419051    1.228323821
    9.338743487    1.048883520    1.010885108    1.237539693
    9.358781563    1.049189028    1.012416909    1.240663922
    9.378819639    1.048688009    1.013863105    1.237294833
    9.398857715    1.047676388    1.015034331    1.227222005
    9.418895792    1.046441469    1.015815784    1.210525129
    9.438933868    1.045215518    1.016236643    1.187574635
    9.458971944    1.044120347    1.016445813    1.158900104
    9.479010020    1.043142153    1.016629570    1.124992272
    9.499048096    1.042176033    1.016947647    1.086158779
    9.519086172    1.041117324    1.017516197    1.042509409
    9.539124248    1.039937005    1.018415344    0.994063588
    9.559162325    1.038709623    1.019700859    0.940937585
    9.579200401    1.037597088    1.021414003    0.883561537
    9.599238477    1.036790979    1.023590951    0.822840113
    9.619276553    1.036432499    1.026277717    0.760148032
    9.639314629    1.036563066    1.029545187    0.697112710
    9.659352705    1.037142758    1.033482030    0.635251312
    9.679390782    1.038113825    1.038156472    0.575614828
    9.699428858    1.039453706    1.043579490    0.518602962
    9.719466934    1.041182690    1.049707962    0.464028464
    9.739505010    1.043335991    1.056470592    0.411367984
    9.759543086    1.045937008    1.063763823    0.360056066
    9.779581162    1.048993453    1.071408086    0.309707069
    9.799619238    1.052506237    1.079116601    0.260227191
    9.819657315    1.056481500    1.086534731    0.211826056
    9.839695391    1.060944079    1.093351559    0.164937390
    9.859733467    1.065931307    1.099424774    0.120068097
    9.879771543    1.071454917    1.104850645    0.077640581
    9.899809619    1.077467877    1.109937414    0.037913124
    9.919847695    1.083876960    1.115067479    0.001003006
    9.939885772    1.090589677    1.120478824   -0.033047719
    9.959923848    1.097551504    1.126068790   -0.064235178
    9.979961924    1.104741536    1.131342817   -0.092585241
   10.000000000    1.112125147    1.135537370   -0.118121694
