# energy grid [eV]     epsr_x  epsr_y  epsr_z
#
    0.001000000******************************    4.820983325
    0.021038076  -12.436219910  -12.423496565    4.820088474
    0.041076152    4.157598767    4.161009716    4.817822378
    0.061114228    7.261607385    7.263165947    4.814789512
    0.081152305    8.246133537    8.247000066    4.811631272
    0.101190381    8.606975516    8.607498215    4.808847889
    0.121228457    8.732925034    8.733251736    4.806744287
    0.141266533    8.765773770    8.765983117    4.805443067
    0.161304609    8.767576101    8.767714833    4.804928483
    0.181342685    8.766524181    8.766620436    4.805103336
    0.201380762    8.773735140    8.773805309    4.805841068
    0.221418838    8.791631833    8.791685182    4.807020816
    0.241456914    8.818847279    8.818889063    4.808544430
    0.261494990    8.852931937    8.852965270    4.810341386
    0.281533066    8.891591726    8.891618590    4.812367493
    0.301571142    8.933090057    8.933111817    4.814600011
    0.321609218    8.976266186    8.976283839    4.817030054
    0.341647295    9.020422488    9.020436794    4.819654290
    0.361685371    9.065194113    9.065205662    4.822469021
    0.381723447    9.110440390    9.110449648    4.825467949
    0.401761523    9.156165174    9.156172508    4.828642298
    0.421799599    9.202462023    9.202467727    4.831981272
    0.441837675    9.249477696    9.249482000    4.835471937
    0.461875752    9.297388015    9.297391101    4.839098801
    0.481913828    9.346381480    9.346383492    4.842844054
    0.501951904    9.396647134    9.396648185    4.846689686
    0.521989980    9.448364044    9.448364223    4.850622095
    0.542028056    9.501690394    9.501689773    4.854637803
    0.562066132    9.556750787    9.556749426    4.858746210
    0.582104208    9.613621459    9.613619413    4.862964994
    0.602142285    9.672314964    9.672312292    4.867308897
    0.622180361    9.732768402    9.732765172    4.871779766
    0.642218437    9.794839837    9.794836138    4.876366683
    0.662256513    9.858310641    9.858306584    4.881057044
    0.682294589    9.922873157    9.922868864    4.885850340
    0.702332665    9.988064015    9.988059595    4.890764747
    0.722370741   10.053111276   10.053106796    4.895832801
    0.742408818   10.116714039   10.116709524    4.901089968
    0.762446894   10.176842993   10.176838502    4.906562982
    0.782484970   10.230703541   10.230699300    4.912263408
    0.802523046   10.275021247   10.275017795    4.918188753
    0.822561122   10.306752262   10.306750501    4.924328653
    0.842599198   10.324098913   10.324099993    4.930669535
    0.862637275   10.327343465   10.327348580    4.937193692
    0.882675351   10.318845216   10.318855435    4.943875863
    0.902713427   10.301975371   10.301991597    4.950682776
    0.922751503   10.279579065   10.279602071    4.957577620
    0.942789579   10.252977420   10.253007898    4.964528488
    0.962827655   10.222071976   10.222110575    4.971518368
    0.982865731   10.186208435   10.186255768    4.978552979
    1.002903808   10.145027744   10.145084305    4.985662511
    1.022941884   10.098852389   10.098918328    4.992896167
    1.042979960   10.048644823   10.048719590    5.000313799
    1.063018036    9.995811430    9.995893384    5.007980635
    1.083056112    9.942103923    9.942190158    5.015965584
    1.103094188    9.889624898    9.889711523    5.024338889
    1.123132265    9.840718421    9.840801395    5.033167529
    1.143170341    9.797608449    9.797684653    5.042511330
    1.163208417    9.761847555    9.761915602    5.052423249
    1.183246493    9.733769970    9.733830400    5.062953589
    1.203284569    9.712281096    9.712335909    5.074152537
    1.223322645    9.695226434    9.695278125    5.086065912
    1.243360721    9.680168441    9.680218838    5.098726549
    1.263398798    9.665127760    9.665177066    5.112146402
    1.283436874    9.648931404    9.648977878    5.126310214
    1.303474950    9.631058964    9.631099440    5.141169733
    1.323513026    9.611173869    9.611204778    5.156638148
    1.343551102    9.588759309    9.588777692    5.172583908
    1.363589178    9.563223263    9.563227459    5.188822315
    1.383627255    9.534386169    9.534376118    5.205104547
    1.403665331    9.502795290    9.502772343    5.221108994
    1.423703407    9.469474974    9.469441254    5.236445777
    1.443741483    9.435449686    9.435407363    5.250686603
    1.463779559    9.401710184    9.401661071    5.263426812
    1.483817635    9.369761031    9.369706514    5.274370283
    1.503855711    9.342165538    9.342106587    5.283398429
    1.523893788    9.322409003    9.322346134    5.290565401
    1.543931864    9.313984929    9.313918224    5.295996261
    1.563969940    9.319274479    9.319203802    5.299748264
    1.584008016    9.338930917    9.338856346    5.301734086
    1.604046092    9.372052624    9.371974859    5.301739939
    1.624084168    9.416913657    9.416834164    5.299491474
    1.644122244    9.471806167    9.471727025    5.294729831
    1.664160321    9.535620819    9.535544428    5.287314350
    1.684198397    9.607954281    9.607883053    5.277362372
    1.704236473    9.688711393    9.688647460    5.265365595
    1.724274549    9.777419539    9.777364425    5.252177095
    1.744312625    9.872638948    9.872593267    5.238817327
    1.764350701    9.971730509    9.971693827    5.226176048
    1.784388778   10.070980240   10.070951227    5.214769192
    1.804426854   10.165926788   10.165903605    5.204664746
    1.824464930   10.251795785   10.251776522    5.195585333
    1.844503006   10.324141759   10.324124804    5.187129188
    1.864541082   10.379791502   10.379775785    5.179022223
    1.884579158   10.417772396   10.417757509    5.171287107
    1.904617234   10.439605161   10.439591339    5.164238001
    1.924655311   10.448753556   10.448741541    5.158323124
    1.944693387   10.449715226   10.449706037    5.153956057
    1.964731463   10.447253062   10.447247734    5.151458453
    1.984769539   10.445744015   10.445743404    5.151083837
    2.004807615   10.448455651   10.448460416    5.153004788
    2.024845691   10.456809813   10.456820513    5.157235263
    2.044883768   10.469893749   10.469910860    5.163569494
    2.064921844   10.484617206   10.484640961    5.171599993
    2.084959920   10.496837588   10.496867720    5.180804218
    2.104997996   10.503115924   10.503151518    5.190666925
    2.125036072   10.502092606   10.502132155    5.200801255
    2.145074148   10.494778903   10.494820515    5.211001479
    2.165112224   10.484064509   10.484106134    5.221171887
    2.185150301   10.474185093   10.474224712    5.231190706
    2.205188377   10.470338043   10.470373803    5.240863944
    2.225226453   10.477983643   10.478013996    5.250039712
    2.245264529   10.501614359   10.501638253    5.258765221
    2.265302605   10.543622270   10.543639408    5.267302823
    2.285340681   10.604078760   10.604089821    5.275958503
    2.305378758   10.681417547   10.681424182    5.284863307
    2.325416834   10.773262758   10.773267256    5.293880762
    2.345454910   10.876803665   10.876808404    5.302690455
    2.365492986   10.988802769   10.988809688    5.310971568
    2.385531062   11.105637027   11.105647343    5.318566612
    2.405569138   11.223425771   11.223440050    5.325546187
    2.425607214   11.337906825   11.337925329    5.332174335
    2.445645291   11.443889916   11.443912930    5.338830019
    2.465683367   11.534616048   11.534643964    5.345943982
    2.485721443   11.601513458   11.601546572    5.353961625
    2.505759519   11.634510819   11.634548974    5.363289310
    2.525797595   11.622813549   11.622855808    5.374203015
    2.545835671   11.556251003   11.556295479    5.386785956
    2.565873747   11.427363038   11.427406960    5.400986558
    2.585911824   11.233596317   11.233636335    5.416780337
    2.605949900   10.978109380   10.978142049    5.434298541
    2.625987976   10.668285209   10.668307503    5.453812045
    2.646026052   10.312837655   10.312847337    5.475601894
    2.666064128    9.919327470    9.919323285    5.499827690
    2.686102204    9.493113664    9.493095461    5.526458786
    2.706140281    9.037499894    9.037468749    5.555272397
    2.726178357    8.554313780    8.554272010    5.585912778
    2.746216433    8.044362981    8.044313918    5.617998433
    2.766254509    7.507733134    7.507680677    5.651234126
    2.786292585    6.944370107    6.944318251    5.685467238
    2.806330661    6.355370114    6.355322548    5.720652617
    2.826368737    5.744816310    5.744776025    5.756747571
    2.846406814    5.121287255    5.121256092    5.793605437
    2.866444890    4.498009178    4.497987481    5.830926288
    2.886482966    3.891405972    3.891392551    5.868273135
    2.906521042    3.318825838    3.318818346    5.905131110
    2.926559118    2.796424221    2.796419826    5.940992029
    2.946597194    2.337552738    2.337548820    5.975457937
    2.966635271    1.951514741    1.951509350    6.008345491
    2.986673347    1.642713000    1.642705032    6.039745814
    3.006711423    1.410542164    1.410531331    6.069995989
    3.026749499    1.250226174    1.250212892    6.099561091
    3.046787575    1.154271884    1.154257142    6.128877445
    3.066825651    1.113967817    1.113953038    6.158233490
    3.086863727    1.120574837    1.120561727    6.187733687
    3.106901804    1.166052467    1.166042766    6.217321844
    3.126939880    1.243194309    1.243189473    6.246803632
    3.146977956    1.345275063    1.345276019    6.275836325
    3.167016032    1.465731781    1.465738858    6.303908712
    3.187054108    1.598418803    1.598431802    6.330362944
    3.207092184    1.738304396    1.738322691    6.354487039
    3.227130261    1.881832988    1.881855586    6.375651085
    3.247168337    2.026414231    2.026439824    6.393431959
    3.267206413    2.169370398    2.169397465    6.407691667
    3.287244489    2.307170945    2.307197958    6.418586301
    3.307282565    2.435438174    2.435463887    6.426474106
    3.327320641    2.549540884    2.549564598    6.431736426
    3.347358717    2.645316355    2.645338011    6.434616951
    3.367396794    2.719629550    2.719649550    6.435196725
    3.387434870    2.770683314    2.770702142    6.433507678
    3.407472946    2.798059696    2.798077544    6.429664123
    3.427511022    2.802482750    2.802499355    6.423894995
    3.447549098    2.785348877    2.785363604    6.416481156
    3.467587174    2.748336390    2.748348470    6.407698576
    3.487625251    2.693564912    2.693573675    6.397835907
    3.507663327    2.624164413    2.624169427    6.387248604
    3.527701403    2.544354911    2.544355967    6.376354123
    3.547739479    2.458549734    2.458546708    6.365535439
    3.567777555    2.370151272    2.370143954    6.355033031
    3.587815631    2.281080680    2.281068730    6.344916054
    3.607853707    2.192348472    2.192331564    6.335126576
    3.627891784    2.105003861    2.104981939    6.325534871
    3.647929860    2.020564401    2.020537901    6.315997195
    3.667967936    1.940727161    1.940697080    6.306450785
    3.688006012    1.866898843    1.866866630    6.297022438
    3.708044088    1.800050286    1.800017606    6.288077444
    3.728082164    1.740919782    1.740888243    6.280178649
    3.748120240    1.690316423    1.690287349    6.273983680
    3.768158317    1.649293274    1.649267588    6.270136961
    3.788196393    1.619045666    1.619023909    6.269222878
    3.808234469    1.600477445    1.600459845    6.271798618
    3.828272545    1.593531916    1.593518402    6.278438387
    3.848310621    1.596631127    1.596621278    6.289704629
    3.868348697    1.606744015    1.606736991    6.306036598
    3.888386774    1.620326412    1.620320968    6.327616454
    3.908424850    1.634664263    1.634658931    6.354282813
    3.928462926    1.648736857    1.648730239    6.385539902
    3.948501002    1.663046257    1.663037293    6.420678341
    3.968539078    1.678590753    1.678578828    6.458972364
    3.988577154    1.695724098    1.695708998    6.499858244
    4.008615230    1.713583571    1.713565370    6.542998919
    4.028653307    1.730139723    1.730118697    6.588231139
    4.048691383    1.742497963    1.742474583    6.635462937
    4.068729459    1.747370901    1.747345907    6.684570763
    4.088767535    1.741960568    1.741935047    6.735325251
    4.108805611    1.725091128    1.725066493    6.787401049
    4.128843687    1.697851635    1.697829444    6.840501940
    4.148881764    1.663128194    1.663109894    6.894508068
    4.168919840    1.624153119    1.624139824    6.949493253
    4.188957916    1.582934803    1.582927154    7.005609651
    4.208995992    1.539561643    1.539559768    7.063011237
    4.229034068    1.492654320    1.492657825    7.121905668
    4.249072144    1.440344320    1.440352320    7.182580309
    4.269110220    1.381097132    1.381108345    7.245228974
    4.289148297    1.314299419    1.314312369    7.309678631
    4.309186373    1.240754080    1.240767325    7.375294761
    4.329224449    1.162886799    1.162899074    7.441183511
    4.349262525    1.084285521    1.084295748    7.506514263
    4.369300601    1.008559662    1.008566910    7.570685749
    4.389338677    0.938045879    0.938049359    7.633214827
    4.409376754    0.873090631    0.873089748    7.693432172
    4.429414830    0.812312127    0.812306582    7.750161716
    4.449452906    0.753590889    0.753580765    7.801571536
    4.469490982    0.695154125    0.695139898    7.845339701
    4.489529058    0.636309114    0.636291573    7.879121435
    4.509567134    0.577712489    0.577692588    7.901135865
    4.529605210    0.521141500    0.521120167    7.910723834
    4.549643287    0.468773737    0.468751691    7.908843137
    4.569681363    0.422215112    0.422192790    7.898315399
    4.589719439    0.381772653    0.381750330    7.883361082
    4.609757515    0.346433427    0.346411419    7.868214896
    4.629795591    0.314552306    0.314531088    7.855479446
    4.649833667    0.284746966    0.284727083    7.845355928
    4.669871743    0.256466483    0.256448319    7.836236076
    4.689909820    0.230061727    0.230045325    7.826017462
    4.709947896    0.206481681    0.206466774    7.813112971
    4.729985972    0.186771211    0.186757434    7.796724608
    4.750024048    0.171536940    0.171524055    7.776716596
    4.770062124    0.160600019    0.160587968    7.753488218
    4.790100200    0.153006030    0.152994847    7.727796961
    4.810138277    0.147332922    0.147322612    7.700344009
    4.830176353    0.142060550    0.142051069    7.671228984
    4.850214429    0.135841888    0.135833194    7.639585732
    4.870252505    0.127736684    0.127728775    7.603606434
    4.890290581    0.117532890    0.117525788    7.560898043
    4.910328657    0.106028026    0.106021732    7.508932169
    4.930366733    0.094833586    0.094828032    7.445421562
    4.950404810    0.085462054    0.085457094    7.368659030
    4.970442886    0.078204418    0.078199854    7.277910110
    4.990480962    0.071673906    0.071669517    7.173795914
    5.010519038    0.063290682    0.063286248    7.058407490
    5.030557114    0.050247669    0.050242985    6.934895586
    5.050595190    0.030430079    0.030425007    6.806638805
    5.070633267    0.002987413    0.002981926    6.676527087
    5.090671343   -0.031618464   -0.031624271    6.546765994
    5.110709419   -0.072035615   -0.072041544    6.418956129
    5.130747495   -0.116579267   -0.116585049    6.293932006
    5.150785571   -0.163593617   -0.163598939    6.171245649
    5.170823647   -0.211489386   -0.211493932    6.048535284
    5.190861723   -0.258479061   -0.258482573    5.921068741
    5.210899800   -0.302192831   -0.302195141    5.781847331
    5.230937876   -0.339552864   -0.339553923    5.622632622
    5.250975952   -0.367197423   -0.367197321    5.435739962
    5.271014028   -0.382309620   -0.382308595    5.215800370
    5.291052104   -0.383403017   -0.383401429    4.960716445
    5.311090180   -0.370681682   -0.370679942    4.671778990
    5.331128257   -0.345814551   -0.345813033    4.353489361
    5.351166333   -0.311271390   -0.311270366    4.013358986
    5.371204409   -0.269629999   -0.269629610    3.661314290
    5.391242485   -0.223185746   -0.223186023    3.308326616
    5.411280561   -0.173909067   -0.173909982    2.964559861
    5.431318637   -0.123648333   -0.123649849    2.637833463
    5.451356713   -0.074429649   -0.074431720    2.332969729
    5.471394790   -0.028612989   -0.028615528    2.051921607
    5.491432866    0.011350529    0.011347681    1.794215024
    5.511470942    0.043561734    0.043558812    1.557451950
    5.531509018    0.067341156    0.067338436    1.337933786
    5.551547094    0.083430746    0.083428478    1.131486178
    5.571585170    0.093529050    0.093527388    0.934411979
    5.591623246    0.099408381    0.099407338    0.744340322
    5.611661323    0.102111623    0.102111060    0.560642246
    5.631699399    0.101631476    0.101631144    0.384222675
    5.651737475    0.097166111    0.097165729    0.216871119
    5.671775551    0.087736296    0.087735639    0.060581868
    5.691813627    0.072811131    0.072810100   -0.082871736
    5.711851703    0.052648204    0.052646850   -0.212028909
    5.731889780    0.028234783    0.028233302   -0.325513956
    5.751927856    0.000952282    0.000950989   -0.421749919
    5.771965932   -0.027792291   -0.027793013   -0.499139875
    5.792004008   -0.056838790   -0.056838577   -0.556853137
    5.812042084   -0.085477116   -0.085475728   -0.595579018
    5.832080160   -0.113585623   -0.113583042   -0.617559267
    5.852118236   -0.141635419   -0.141631914   -0.625943921
    5.872156313   -0.170551301   -0.170547411   -0.624055721
    5.892194389   -0.201492896   -0.201489339   -0.614991515
    5.912232465   -0.235565334   -0.235562831   -0.601542929
    5.932270541   -0.273432430   -0.273431512   -0.586201231
    5.952308617   -0.314935085   -0.314935961   -0.571091303
    5.972346693   -0.358970628   -0.358973157   -0.557878380
    5.992384770   -0.403818658   -0.403822437   -0.547755218
    6.012422846   -0.447809233   -0.447813746   -0.541448817
    6.032460922   -0.490008912   -0.490013672   -0.539076760
    6.052498998   -0.530622674   -0.530627319   -0.539875670
    6.072537074   -0.570939504   -0.570943845   -0.542112502
    6.092575150   -0.612814534   -0.612818559   -0.543485904
    6.112613226   -0.657913561   -0.657917416   -0.541915079
    6.132651303   -0.707081530   -0.707085454   -0.536200979
    6.152689379   -0.760085676   -0.760089909   -0.526122325
    6.172727455   -0.815751806   -0.815756512   -0.512003859
    6.192765531   -0.872358456   -0.872363681   -0.494154526
    6.212803607   -0.928116339   -0.928122025   -0.472553654
    6.232841683   -0.981551678   -0.981557715   -0.446894499
    6.252879760   -1.031620374   -1.031626677   -0.416845822
    6.272917836   -1.077525407   -1.077531954   -0.382324905
    6.292955912   -1.118452013   -1.118458808   -0.343649415
    6.312993988   -1.153482738   -1.153489736   -0.301534765
    6.333032064   -1.181729090   -1.181736135   -0.256961396
    6.353070140   -1.202516589   -1.202523416   -0.210959366
    6.373108216   -1.215490705   -1.215497000   -0.164364370
    6.393146293   -1.220639946   -1.220645430   -0.117591735
    6.413184369   -1.218271896   -1.218276404   -0.070493789
    6.433222445   -1.208941314   -1.208944844   -0.022396961
    6.453260521   -1.193335257   -1.193337984    0.027640453
    6.473298597   -1.172171092   -1.172173333    0.080444548
    6.493336673   -1.146163070   -1.146165197    0.136384169
    6.513374749   -1.116046468   -1.116048815    0.195195722
    6.533412826   -1.082597172   -1.082599962    0.256036744
    6.553450902   -1.046613923   -1.046617248    0.317746783
    6.573488978   -1.008906625   -1.008910477    0.379134361
    6.593527054   -0.970329602   -0.970333911    0.439073704
    6.613565130   -0.931788647   -0.931793324    0.496427570
    6.633603206   -0.894126435   -0.894131415    0.550005522
    6.653641283   -0.857937545   -0.857942821    0.598670025
    6.673679359   -0.823468756   -0.823474380    0.641540263
    6.693717435   -0.790666709   -0.790672752    0.678217192
    6.713755511   -0.759294553   -0.759301038    0.708941513
    6.733793587   -0.729026043   -0.729032873    0.734537797
    6.753831663   -0.699501946   -0.699508883    0.756083891
    6.773869739   -0.670399946   -0.670406635    0.774494670
    6.793907816   -0.641554728   -0.641560785    0.790290417
    6.813945892   -0.613067813   -0.613072933    0.803604294
    6.833983968   -0.585309294   -0.585313322    0.814285221
    6.854022044   -0.558806288   -0.558809214    0.822016842
    6.874060120   -0.534086347   -0.534088247    0.826505478
    6.894098196   -0.511522456   -0.511523424    0.827731472
    6.914136273   -0.491230750   -0.491230857    0.826139708
    6.934174349   -0.473103325   -0.473102613    0.822666657
    6.954212425   -0.456970050   -0.456968521    0.818592284
    6.974250501   -0.442738279   -0.442735895    0.815280341
    6.994288577   -0.430363829   -0.430360541    0.813916267
    7.014326653   -0.419654490   -0.419650316    0.815324682
    7.034364729   -0.410046966   -0.410042069    0.819916629
    7.054402806   -0.400542734   -0.400537461    0.827806909
    7.074440882   -0.389898743   -0.389893586    0.839042105
    7.094478958   -0.376982828   -0.376978327    0.853762244
    7.114517034   -0.361086209   -0.361082854    0.872162846
    7.134555110   -0.342057021   -0.342055191    0.894320577
    7.154593186   -0.320291348   -0.320291290    0.920090907
    7.174631263   -0.296697719   -0.296699526    0.949190819
    7.194669339   -0.272651645   -0.272655232    0.981364143
    7.214707415   -0.249830972   -0.249836072    1.016462344
    7.234745491   -0.229884071   -0.229890295    1.054366039
    7.254783567   -0.214057861   -0.214064758    1.094783990
    7.274821643   -0.202957303   -0.202964393    1.137058490
    7.294859719   -0.196500550   -0.196507322    1.180132763
    7.314897796   -0.194033763   -0.194039704    1.222737769
    7.334935872   -0.194550878   -0.194555545    1.263690509
    7.354973948   -0.196970947   -0.196974086    1.302109229
    7.375012024   -0.200396679   -0.200398311    1.337434094
    7.395050100   -0.204253618   -0.204254046    1.369321517
    7.415088176   -0.208275333   -0.208275034    1.397579384
    7.435126253   -0.212416644   -0.212416087    1.422233472
    7.455164329   -0.216810270   -0.216809761    1.443642942
    7.475202405   -0.221792692   -0.221792309    1.462500744
    7.495240481   -0.227924400   -0.227924033    1.479659498
    7.515278557   -0.235930264   -0.235929703    1.495884712
    7.535316633   -0.246560463   -0.246559491    1.511667989
    7.555354709   -0.260420330   -0.260418795    1.527148752
    7.575392786   -0.277798605   -0.277796462    1.542131661
    7.595430862   -0.298489751   -0.298487073    1.556171622
    7.615468938   -0.321638489   -0.321635428    1.568669476
    7.635507014   -0.345712577   -0.345709308    1.578924200
    7.655545090   -0.368689264   -0.368685932    1.586183137
    7.675583166   -0.388402244   -0.388398957    1.589793475
    7.695621242   -0.402912850   -0.402909706    1.589481142
    7.715659319   -0.410791496   -0.410788597    1.585653400
    7.735697395   -0.411231796   -0.411229226    1.579510646
    7.755735471   -0.403985562   -0.403983353    1.572751632
    7.775773547   -0.389219535   -0.389217657    1.566892284
    7.795811623   -0.367425928   -0.367424301    1.562544264
    7.815849699   -0.339401591   -0.339400110    1.559062199
    7.835887776   -0.306204340   -0.306202901    1.554692205
    7.855925852   -0.269038960   -0.269037474    1.547055969
    7.875963928   -0.229124137   -0.229122542    1.533770354
    7.896002004   -0.187605928   -0.187604188    1.513108388
    7.916040080   -0.145520164   -0.145518264    1.484558988
    7.936078156   -0.103764768   -0.103762701    1.448993377
    7.956116232   -0.063074353   -0.063072114    1.408215940
    7.976154309   -0.024023573   -0.024021150    1.364036234
    7.996192385    0.012948879    0.012951497    1.317344843
    8.016230461    0.047547025    0.047549847    1.267684610
    8.036268537    0.079670023    0.079673047    1.213464704
    8.056306613    0.109453322    0.109456546    1.152582421
    8.076344689    0.137238771    0.137242194    1.083119936
    8.096382766    0.163476857    0.163480482    1.003950107
    8.116420842    0.188616641    0.188620462    0.915240196
    8.136458918    0.213038168    0.213042152    0.818809422
    8.156496994    0.237036501    0.237040595    0.718148663
    8.176535070    0.260829563    0.260833712    0.617908260
    8.196573146    0.284568454    0.284572621    0.522971405
    8.216611222    0.308345239    0.308349409    0.437564565
    8.236649299    0.332202270    0.332206433    0.364776264
    8.256687375    0.356156931    0.356161070    0.306467584
    8.276725451    0.380246666    0.380250747    0.263329416
    8.296763527    0.404580813    0.404584792    0.234938996
    8.316801603    0.429378246    0.429382085    0.219865973
    8.336839679    0.454958339    0.454962018    0.215917589
    8.356877756    0.481656739    0.481660265    0.220493596
    8.376915832    0.509688680    0.509692085    0.230938320
    8.396953908    0.539036821    0.539040161    0.244822816
    8.416991984    0.569429306    0.569432655    0.260163233
    8.437030060    0.600412007    0.600415437    0.275580468
    8.457068136    0.631473176    0.631476744    0.290358788
    8.477106212    0.662171716    0.662175452    0.304341150
    8.497144289    0.692230330    0.692234239    0.317646215
    8.517182365    0.721567927    0.721571993    0.330323789
    8.537220441    0.750266571    0.750270761    0.342180154
    8.557258517    0.778492220    0.778496483    0.352914608
    8.577296593    0.806396309    0.806400584    0.362456632
    8.597334669    0.834023803    0.834028036    0.371240234
    8.617372745    0.861269234    0.861273393    0.380212095
    8.637410822    0.887923760    0.887927836    0.390540763
    8.657448898    0.913795322    0.913799310    0.403160306
    8.677486974    0.938815228    0.938819111    0.418387574
    8.697525050    0.963057601    0.963061338    0.435835946
    8.717563126    0.986674843    0.986678381    0.454676664
    8.737601202    1.009800878    1.009804170    0.474090494
    8.757639279    1.032468109    1.032471136    0.493681770
    8.777677355    1.054566676    1.054569460    0.513686036
    8.797715431    1.075854694    1.075857292    0.534883394
    8.817753507    1.095995733    1.095998231    0.558254649
    8.837791583    1.114586958    1.114589454    0.584586915
    8.857829659    1.131165165    1.131167765    0.614267777
    8.877867735    1.145208269    1.145211081    0.647317471
    8.897905812    1.156159085    1.156162205    0.683507312
    8.917943888    1.163490000    1.163493492    0.722426278
    8.937981964    1.166814323    1.166818203    0.763516674
    8.958020040    1.166025104    1.166029332    0.806163012
    8.978058116    1.161403676    1.161408166    0.849841346
    8.998096192    1.153629149    1.153633781    0.894281349
    9.018134269    1.143666230    1.143670868    0.939601586
    9.038172345    1.132567669    1.132572176    0.986358652
    9.058210421    1.121244342    1.121248591    1.035433211
    9.078248497    1.110260796    1.110264679    1.087751423
    9.098286573    1.099743496    1.099746925    1.143941578
    9.118324649    1.089475084    1.089477993    1.204046908
    9.138362725    1.079152707    1.079155061    1.267391028
    9.158400802    1.068690368    1.068692163    1.332663130
    9.178438878    1.058399637    1.058400906    1.398202735
    9.198476954    1.048920423    1.048921228    1.462330499
    9.218515030    1.040938170    1.040938602    1.523519533
    9.238553106    1.034905601    1.034905775    1.580314621
    9.258591182    1.030962898    1.030962934    1.631118442
    9.278629259    1.029032232    1.029032214    1.674093617
    9.298667335    1.028932615    1.028932567    1.707341214
    9.318705411    1.030458885    1.030458782    1.729279649
    9.338743487    1.033484450    1.033484257    1.738965732
    9.358781563    1.038076992    1.038076704    1.736126910
    9.378819639    1.044493754    1.044493418    1.720899678
    9.398857715    1.052988315    1.052988018    1.693476163
    9.418895792    1.063562440    1.063562290    1.653838866
    9.438933868    1.075865596    1.075865708    1.601617822
    9.458971944    1.089292877    1.089293356    1.536093663
    9.479010020    1.103157324    1.103158244    1.456452536
    9.499048096    1.116795393    1.116796762    1.362322759
    9.519086172    1.129577814    1.129579559    1.254412798
    9.539124248    1.140911597    1.140913571    1.134941710
    9.559162325    1.150332707    1.150334730    1.007573213
    9.579200401    1.157696397    1.157698316    0.876790374
    9.599238477    1.163331932    1.163333660    0.747013368
    9.619276553    1.167970975    1.167972491    0.621916672
    9.639314629    1.172418158    1.172419476    0.504200420
    9.659352705    1.177191726    1.177192844    0.395755124
    9.679390782    1.182402259    1.182403136    0.297998897
    9.699428858    1.187893506    1.187894069    0.212185755
    9.719466934    1.193436853    1.193437026    0.139508181
    9.739505010    1.198787270    1.198787006    0.080851497
    9.759543086    1.203605567    1.203604859    0.036260073
    9.779581162    1.207406306    1.207405188    0.004428177
    9.799619238    1.209669610    1.209668148   -0.017416275
    9.819657315    1.210104991    1.210103276   -0.033052127
    9.839695391    1.208912119    1.208910257   -0.046373544
    9.859733467    1.206861464    1.206859556   -0.060479449
    9.879771543    1.205138552    1.205136674   -0.077151809
    9.899809619    1.205046219    1.205044421   -0.096876000
    9.919847695    1.207695205    1.207693522   -0.119282589
    9.939885772    1.213752534    1.213751007   -0.143720450
    9.959923848    1.223292135    1.223290826   -0.169643903
    9.979961924    1.235798418    1.235797416   -0.196673231
   10.000000000    1.250312379    1.250311788   -0.224451196
