# energy grid [eV]     epsr_x  epsr_y  epsr_z
#
    0.001000000 -885.788125399 -881.261243355    4.609844532
    0.021038076    6.337585424    6.347764912    4.621626360
    0.041076152    7.829050228    7.831682466    4.621798053
    0.061114228    8.121765387    8.122927589    4.622052181
    0.081152305    8.228430735    8.229070117    4.622402154
    0.101190381    8.280753156    8.281149596    4.622849839
    0.121228457    8.311932236    8.312197265    4.623395848
    0.141266533    8.333476352    8.333663049    4.624040547
    0.161304609    8.350228094    8.350364878    4.624784255
    0.181342685    8.364514203    8.364617616    4.625627299
    0.201380762    8.377568069    8.377648352    4.626570034
    0.221418838    8.390096356    8.390160157    4.627612850
    0.241456914    8.402531238    8.402583032    4.628756179
    0.261494990    8.415152741    8.415195635    4.630000493
    0.281533066    8.428152275    8.428188476    4.631346314
    0.301571142    8.441667494    8.441698606    4.632794207
    0.321609218    8.455802304    8.455829510    4.634344787
    0.341647295    8.470638730    8.470662921    4.635998718
    0.361685371    8.486244093    8.486265947    4.637756712
    0.381723447    8.502675274    8.502695315    4.639619530
    0.401761523    8.519981008    8.519999649    4.641587981
    0.421799599    8.538202645    8.538220211    4.643662911
    0.441837675    8.557373476    8.557390231    4.645845201
    0.461875752    8.577516516    8.577532674    4.648135749
    0.481913828    8.598640481    8.598656221    4.650535445
    0.501951904    8.620733708    8.620749178    4.653045144
    0.521989980    8.643756159    8.643771486    4.655665625
    0.542028056    8.667630783    8.667646075    4.658397547
    0.562066132    8.692237792    8.692253144    4.661241432
    0.582104208    8.717418424    8.717433921    4.664197715
    0.602142285    8.742995813    8.743011534    4.667266891
    0.622180361    8.768814548    8.768830569    4.670449800
    0.642218437    8.794785548    8.794801941    4.673747926
    0.662256513    8.820910379    8.820927209    4.677163545
    0.682294589    8.847266434    8.847283742    4.680699563
    0.702332665    8.873958596    8.873976389    4.684359103
    0.722370741    8.901061313    8.901079561    4.688145007
    0.742408818    8.928576337    8.928594990    4.692059414
    0.762446894    8.956419992    8.956438982    4.696103478
    0.782484970    8.984443758    8.984462933    4.700277239
    0.802523046    9.012495858    9.012514863    4.704579669
    0.822561122    9.040522563    9.040540727    4.709008977
    0.842599198    9.068664608    9.068680984    4.713563174
    0.862637275    9.097273682    9.097287276    4.718240711
    0.882675351    9.126809508    9.126819587    4.723040782
    0.902713427    9.157663242    9.157669521    4.727963135
    0.922751503    9.190003431    9.190005993    4.733007547
    0.942789579    9.223693686    9.223692690    4.738173195
    0.962827655    9.258249875    9.258245174    4.743457775
    0.982865731    9.292798232    9.292789048    4.748856182
    1.002903808    9.326055562    9.326040302    4.754359150
    1.022941884    9.356387618    9.356363896    4.759952625
    1.042979960    9.381988301    9.381953225    4.765618601
    1.063018036    9.401203467    9.401154290    4.771337698
    1.083056112    9.412989056    9.412924165    4.777093207
    1.103094188    9.417393813    9.417313769    4.782875346
    1.123132265    9.415855285    9.415763468    4.788683718
    1.143170341    9.411134990    9.411037502    4.794526619
    1.163208417    9.406869213    9.406773890    4.800418124
    1.183246493    9.406841457    9.406756137    4.806375395
    1.203284569    9.414188978    9.414119627    4.812417037
    1.223322645    9.430829586    9.430779179    4.818560804
    1.243360721    9.457317555    9.457286157    4.824819570
    1.263398798    9.493110351    9.493096060    4.831197469
    1.283436874    9.537030526    9.537030557    4.837688654
    1.303474950    9.587695947    9.587707403    4.844278766
    1.323513026    9.643827545    9.643847818    4.850948285
    1.343551102    9.704439528    9.704466412    4.857677712
    1.363589178    9.768899112    9.768930777    4.864454584
    1.383627255    9.836857137    9.836892094    4.871281012
    1.403665331    9.908152509    9.908189682    4.878178354
    1.423703407    9.982807449    9.982846268    4.885184985
    1.443741483   10.061094933   10.061135258    4.892346210
    1.463779559   10.143557360   10.143599159    4.899699845
    1.483817635   10.230903145   10.230946075    4.907263235
    1.503855711   10.323810324   10.323853492    4.915027106
    1.523893788   10.422709735   10.422751788    4.922958770
    1.543931864   10.527604360   10.527643838    4.931013520
    1.563969940   10.637952010   10.637987749    4.939151118
    1.584008016   10.752602408   10.752633795    4.947353021
    1.604046092   10.869729990   10.869756961    4.955632964
    1.624084168   10.986694214   10.986717078    4.964032991
    1.644122244   11.099842182   11.099861441    4.972605291
    1.664160321   11.204392036   11.204408376    4.981391544
    1.684198397   11.294620016   11.294634474    4.990412299
    1.704236473   11.364574906   11.364589141    4.999668835
    1.724274549   11.409361622   11.409378100    5.009151042
    1.744312625   11.426617278   11.426639189    5.018842997
    1.764350701   11.417445038   11.417475845    5.028721661
    1.784388778   11.386215492   11.386258141    5.038751048
    1.804426854   11.339289567   11.339345560    5.048879139
    1.824464930   11.283466366   11.283535080    5.059044475
    1.844503006   11.225138571   11.225217208    5.069196940
    1.864541082   11.170154551   11.170238739    5.079332954
    1.884579158   11.123346912   11.123431551    5.089532063
    1.904617234   11.087367234   11.087447092    5.099964016
    1.924655311   11.061965979   11.062035868    5.110840018
    1.944693387   11.044828656   11.044883285    5.122323094
    1.964731463   11.033380402   11.033414247    5.134453442
    1.984769539   11.025834438   11.025841991    5.147136782
    2.004807615   11.020788210   11.020764764    5.160197700
    2.024845691   11.016451962   11.016395017    5.173463415
    2.044883768   11.010818550   11.010729561    5.186835318
    2.064921844   11.002810258   11.002695620    5.200316423
    2.084959920   10.993367374   10.993237224    5.213986908
    2.104997996   10.985557523   10.985422498    5.227950317
    2.125036072   10.983613653   10.983481859    5.242288374
    2.145074148   10.991470570   10.991346793    5.257046929
    2.165112224   11.011592635   11.011479529    5.272246824
    2.185150301   11.044651761   11.044551338    5.287900960
    2.205188377   11.090029831   11.089944066    5.304024435
    2.225226453   11.146631382   11.146561908    5.320634282
    2.245264529   11.213462754   11.213410255    5.337743701
    2.265302605   11.289814842   11.289778733    5.355359400
    2.285340681   11.375243786   11.375222336    5.373485773
    2.305378758   11.469501126   11.469491814    5.392132240
    2.325416834   11.572341181   11.572341106    5.411319686
    2.345454910   11.683121865   11.683128245    5.431086009
    2.365492986   11.800328973   11.800339699    5.451490369
    2.385531062   11.921323315   11.921337256    5.472610191
    2.405569138   12.042434358   12.042451098    5.494522432
    2.425607214   12.159081660   12.159100794    5.517269651
    2.445645291   12.265432998   12.265453523    5.540827892
    2.465683367   12.353573462   12.353593667    5.565098528
    2.485721443   12.412946589   12.412964349    5.589932294
    2.505759519   12.431060626   12.431073843    5.615175772
    2.525797595   12.395654286   12.395661307    5.640722800
    2.545835671   12.297436066   12.297436039    5.666550653
    2.565873747   12.132158138   12.132151245    5.692719914
    2.585911824   11.901241304   11.901228765    5.719330662
    2.605949900   11.610909957   11.610893774    5.746457656
    2.625987976   11.270290566   11.270273129    5.774104275
    2.646026052   10.889008914   10.888992691    5.802202499
    2.666064128   10.474892923   10.474880286    5.830661343
    2.686102204   10.032492338   10.032485310    5.859441324
    2.706140281    9.562704899    9.562704767    5.888610033
    2.726178357    9.063185832    9.063192863    5.918331289
    2.746216433    8.529256156    8.529269665    5.948775960
    2.766254509    7.955428370    7.955447028    5.980000942
    2.786292585    7.337725490    7.337747553    6.011871073
    2.806330661    6.676618955    6.676642294    6.044063630
    2.826368737    5.979748065    5.979770257    6.076136404
    2.846406814    5.262933691    5.262952412    6.107617663
    2.866444890    4.548387594    4.548401218    6.138090013
    2.886482966    3.860750480    3.860758463    6.167251938
    2.906521042    3.223002892    3.223005701    6.194933864
    2.926559118    2.653786673    2.653785432    6.221043137
    2.946597194    2.166109234    2.166105386    6.245447838
    2.966635271    1.766766828    1.766761863    6.267866752
    2.986673347    1.456365258    1.456360425    6.287841643
    3.006711423    1.230194069    1.230190142    6.304805878
    3.026749499    1.079873756    1.079871013    6.318204695
    3.046787575    0.995264188    0.995262609    6.327629709
    3.066825651    0.966100604    0.966100065    6.332951226
    3.086863727    0.983090552    0.983090848    6.334406400
    3.106901804    1.038352831    1.038353566    6.332590830
    3.126939880    1.125109880    1.125110420    6.328356419
    3.146977956    1.236818130    1.236817674    6.322670880
    3.167016032    1.366333338    1.366331012    6.316482891
    3.187054108    1.505738507    1.505733387    6.310598643
    3.207092184    1.646979680    1.646970784    6.305572693
    3.227130261    1.782942893    1.782929236    6.301642974
    3.247168337    1.908499014    1.908479738    6.298748282
    3.267206413    2.021197837    2.021172370    6.296630522
    3.287244489    2.121391161    2.121359427    6.294968458
    3.307282565    2.211619711    2.211582352    6.293478032
    3.327320641    2.295311953    2.295270451    6.291952953
    3.347358717    2.375209490    2.375166056    6.290259552
    3.367396794    2.452153071    2.452110298    6.288328603
    3.387434870    2.524693351    2.524653730    6.286179588
    3.407472946    2.589601959    2.589567404    6.283943908
    3.427511022    2.643104330    2.643075809    6.281814299
    3.447549098    2.682480702    2.682458094    6.279915993
    3.467587174    2.707307626    2.707289821    6.278188576
    3.487625251    2.719452269    2.719437495    6.276384690
    3.507663327    2.721720778    2.721707024    6.274200263
    3.527701403    2.716249586    2.716235022    6.271416654
    3.547739479    2.703852124    2.703835445    6.267930745
    3.567777555    2.684470002    2.684450626    6.263701216
    3.587815631    2.657944331    2.657922424    6.258729386
    3.607853707    2.624341141    2.624317490    6.253109025
    3.627891784    2.583720575    2.583696360    6.247076044
    3.647929860    2.535833811    2.535810342    6.240995702
    3.667967936    2.480256282    2.480234748    6.235292701
    3.688006012    2.416949610    2.416930906    6.230378143
    3.708044088    2.346806155    2.346790787    6.226631265
    3.728082164    2.271819554    2.271807638    6.224453917
    3.748120240    2.194860130    2.194851443    6.224343581
    3.768158317    2.119202586    2.119196636    6.226883180
    3.788196393    2.047977465    2.047973593    6.232608364
    3.808234469    1.983701131    1.983698664    6.241848993
    3.828272545    1.927950143    1.927948548    6.254686990
    3.848310621    1.881190772    1.881189779    6.271060989
    3.868348697    1.842843836    1.842843478    6.290910493
    3.888386774    1.811641896    1.811642472    6.314245272
    3.908424850    1.786123484    1.786125458    6.341126456
    3.928462926    1.765004309    1.765008173    6.371613520
    3.948501002    1.747309226    1.747315372    6.405724228
    3.968539078    1.732294910    1.732303553    6.443424806
    3.988577154    1.719223326    1.719234484    6.484637953
    4.008615230    1.707105210    1.707118742    6.529243638
    4.028653307    1.694625269    1.694640959    6.577070413
    4.048691383    1.680390320    1.680407933    6.627896758
    4.068729459    1.663367718    1.663387018    6.681473745
    4.088767535    1.643171913    1.643192652    6.737565550
    4.108805611    1.619967453    1.619989364    6.796000422
    4.128843687    1.594062841    1.594085649    6.856716617
    4.148881764    1.565464242    1.565487676    6.919770501
    4.168919840    1.533664251    1.533688057    6.985283395
    4.188957916    1.497819964    1.497843890    7.053350299
    4.208995992    1.457248723    1.457272493    7.123959493
    4.229034068    1.411937050    1.411960378    7.196950133
    4.249072144    1.362680556    1.362703235    7.272007177
    4.269110220    1.310649398    1.310671409    7.348685129
    4.289148297    1.256608285    1.256629767    7.426450563
    4.309186373    1.200412420    1.200433521    7.504728234
    4.329224449    1.141243278    1.141263986    7.582933192
    4.349262525    1.078417777    1.078437899    7.660469257
    4.369300601    1.012174187    1.012193504    7.736677469
    4.389338677    0.943932892    0.943951335    7.810740063
    4.409376754    0.875944584    0.875962302    7.881575642
    4.429414830    0.810637998    0.810655273    7.947783884
    4.449452906    0.750063161    0.750080248    8.007704131
    4.469490982    0.695578837    0.695595816    8.059623920
    4.489529058    0.647714514    0.647731218    8.102103999
    4.509567134    0.606178807    0.606194834    8.134307636
    4.529605210    0.570059281    0.570074083    8.156184239
    4.549643287    0.538153589    0.538166619    8.168406202
    4.569681363    0.509259163    0.509270027    8.172102230
    4.589719439    0.482332580    0.482341146    8.168549051
    4.609757515    0.456604962    0.456611350    8.158952968
    4.629795591    0.431737674    0.431742126    8.144364610
    4.649833667    0.407908228    0.407910983    8.125723896
    4.669871743    0.385637737    0.385638991    8.103976390
    4.689909820    0.365381677    0.365381676    8.080160599
    4.709947896    0.347156944    0.347156098    8.055406368
    4.729985972    0.330479377    0.330478317    8.030823147
    4.750024048    0.314672244    0.314671744    8.007280759
    4.770062124    0.299342536    0.299343325    7.985205117
    4.790100200    0.284675697    0.284678223    7.964566798
    4.810138277    0.271328077    0.271332387    7.945038923
    4.830176353    0.259999962    0.260005753    7.926116018
    4.850214429    0.250956280    0.250963075    7.907093776
    4.870252505    0.243739066    0.243746427    7.887013580
    4.890290581    0.237198555    0.237206243    7.864677090
    4.910328657    0.229815020    0.229823067    7.838659295
    4.930366733    0.220143301    0.220151963    7.807200210
    4.950404810    0.207179579    0.207189208    7.768065665
    4.970442886    0.190506119    0.190517017    7.718654415
    4.990480962    0.170151681    0.170164012    7.656512752
    5.010519038    0.146242583    0.146256359    7.580076986
    5.030557114    0.118668315    0.118683436    7.489242566
    5.050595190    0.086977454    0.086993759    7.385479885
    5.070633267    0.050533836    0.050551149    7.271493034
    5.090671343    0.008779527    0.008797704    7.150584682
    5.110709419   -0.038576416   -0.038557484    7.025950322
    5.130747495   -0.091474812   -0.091455266    6.900071188
    5.150785571   -0.149380361   -0.149360501    6.774186692
    5.170823647   -0.210997914   -0.210978304    6.647797048
    5.190861723   -0.273981993   -0.273963437    6.518361569
    5.210899800   -0.334957243   -0.334940613    6.381379915
    5.230937876   -0.389991061   -0.389977051    6.230828833
    5.250975952   -0.435353990   -0.435342933    6.059875972
    5.271014028   -0.468287435   -0.468279253    5.861872963
    5.291052104   -0.487535497   -0.487529782    5.631536276
    5.311090180   -0.493454711   -0.493450875    5.365964040
    5.331128257   -0.487670646   -0.487668089    5.065025554
    5.351166333   -0.472474519   -0.472472756    4.730995825
    5.371204409   -0.450228969   -0.450227696    4.367925717
    5.391242485   -0.422956792   -0.422955896    3.981416240
    5.411280561   -0.392166185   -0.392165688    3.578838474
    5.431318637   -0.358880016   -0.358879973    3.169380644
    5.451356713   -0.323780666   -0.323781061    2.763406610
    5.471394790   -0.287388143   -0.287388845    2.371122257
    5.491432866   -0.250251536   -0.250252338    2.000900610
    5.511470942   -0.213131281   -0.213131984    1.657852522
    5.531509018   -0.177057062   -0.177057542    1.343323122
    5.551547094   -0.143151943   -0.143152157    1.055663106
    5.571585170   -0.112314895   -0.112314857    0.791937594
    5.591623246   -0.085051965   -0.085051724    0.549670913
    5.611661323   -0.061671449   -0.061671086    0.327757059
    5.631699399   -0.042715708   -0.042715322    0.126332104
    5.651737475   -0.029234190   -0.029233881   -0.053911829
    5.671775551   -0.022626838   -0.022626674   -0.212420228
    5.691813627   -0.024160759   -0.024160752   -0.349253589
    5.711851703   -0.034462113   -0.034462212   -0.465308939
    5.731889780   -0.053198713   -0.053198842   -0.562252031
    5.751927856   -0.079026383   -0.079026501   -0.642179707
    5.771965932   -0.109801819   -0.109801980   -0.707199749
    5.792004008   -0.143006819   -0.143007186   -0.759218906
    5.812042084   -0.176259780   -0.176260594   -0.800050562
    5.832080160   -0.207770327   -0.207771851   -0.831620109
    5.852118236   -0.236634375   -0.236636868   -0.855949368
    5.872156313   -0.262911144   -0.262914855   -0.874835176
    5.892194389   -0.287463359   -0.287468509   -0.889410851
    5.912232465   -0.311620810   -0.311627553   -0.899872921
    5.932270541   -0.336796029   -0.336804398   -0.905572500
    5.952308617   -0.364147226   -0.364157100   -0.905471139
    5.972346693   -0.394303665   -0.394314763   -0.898730830
    5.992384770   -0.427165820   -0.427177730   -0.885120190
    6.012422846   -0.461847432   -0.461859679   -0.865074563
    6.032460922   -0.496839626   -0.496851771   -0.839495274
    6.052498998   -0.530406327   -0.530418038   -0.809503952
    6.072537074   -0.561081518   -0.561092583   -0.776313300
    6.092575150   -0.588058897   -0.588069193   -0.741185211
    6.112613226   -0.611374414   -0.611383861   -0.705316033
    6.132651303   -0.631940463   -0.631949000   -0.669595778
    6.152689379   -0.651473873   -0.651481466   -0.634382478
    6.172727455   -0.672258413   -0.672265079   -0.599473394
    6.192765531   -0.696696562   -0.696702384   -0.564340582
    6.212803607   -0.726726322   -0.726731460   -0.528499752
    6.232841683   -0.763296169   -0.763300826   -0.491727559
    6.252879760   -0.806116796   -0.806121165   -0.453953646
    6.272917836   -0.853784639   -0.853788846   -0.414988459
    6.292955912   -0.904148664   -0.904152769   -0.374419992
    6.312993988   -0.954682318   -0.954686349   -0.331803831
    6.333032064   -1.002758706   -1.002762677   -0.286961696
    6.353070140   -1.045904048   -1.045907941   -0.240127799
    6.373108216   -1.082080190   -1.082083924   -0.191819159
    6.393146293   -1.109904582   -1.109908004   -0.142508529
    6.413184369   -1.128675607   -1.128678532   -0.092322970
    6.433222445   -1.138194755   -1.138197028   -0.040964583
    6.453260521   -1.138541466   -1.138543024    0.012101399
    6.473298597   -1.129978005   -1.129978886    0.067276966
    6.493336673   -1.113014998   -1.113015299    0.124450414
    6.513374749   -1.088521851   -1.088521662    0.182824787
    6.533412826   -1.057747769   -1.057747117    0.241077477
    6.553450902   -1.022211514   -1.022210359    0.297722626
    6.573488978   -0.983521289   -0.983519547    0.351434870
    6.593527054   -0.943205742   -0.943203323    0.401260756
    6.613565130   -0.902598649   -0.902595480    0.446802865
    6.633603206   -0.862802094   -0.862798150    0.488365798
    6.653641283   -0.824734635   -0.824729958    0.526903241
    6.673679359   -0.789215105   -0.789209812    0.563680965
    6.693717435   -0.756992945   -0.756987212    0.599828262
    6.713755511   -0.728670113   -0.728664145    0.636080532
    6.733793587   -0.704551812   -0.704545805    0.672809913
    6.753831663   -0.684529081   -0.684523216    0.710144030
    6.773869739   -0.668073799   -0.668068252    0.747958540
    6.793907816   -0.654342668   -0.654337622    0.785757909
    6.813945892   -0.642320568   -0.642316165    0.822616886
    6.833983968   -0.630952608   -0.630948894    0.857289795
    6.854022044   -0.619284048   -0.619280947    0.888437410
    6.874060120   -0.606627929   -0.606625290    0.914849213
    6.894098196   -0.592701910   -0.592699567    0.935577214
    6.914136273   -0.577654534   -0.577652364    0.949984361
    6.934174349   -0.561978108   -0.561976046    0.957776550
    6.954212425   -0.546361464   -0.546359494    0.959099194
    6.974250501   -0.531517786   -0.531515919    0.954719385
    6.994288577   -0.517997297   -0.517995545    0.946173585
    7.014326653   -0.506004525   -0.506002885    0.935673024
    7.034364729   -0.495274322   -0.495272767    0.925710000
    7.054402806   -0.485080708   -0.485079189    0.918571316
    7.074440882   -0.474414694   -0.474413139    0.916004897
    7.094478958   -0.462279913   -0.462278220    0.919091170
    7.114517034   -0.447980110   -0.447978141    0.928241033
    7.134555110   -0.431281307   -0.431278897    0.943274896
    7.154593186   -0.412417008   -0.412414022    0.963581091
    7.174631263   -0.391976243   -0.391972638    0.988338717
    7.194669339   -0.370732831   -0.370728678    1.016751434
    7.214707415   -0.349483529   -0.349478982    1.048206975
    7.234745491   -0.328961111   -0.328956345    1.082306396
    7.254783567   -0.309836490   -0.309831646    1.118787247
    7.274821643   -0.292752368   -0.292747520    1.157412127
    7.294859719   -0.278310994   -0.278306141    1.197892273
    7.314897796   -0.266986413   -0.266981504    1.239885940
    7.334935872   -0.258992527   -0.258987520    1.283035461
    7.354973948   -0.254168583   -0.254163488    1.326936218
    7.375012024   -0.251957889   -0.251952769    1.370986393
    7.395050100   -0.251544141   -0.251539064    1.414215494
    7.415088176   -0.252121219   -0.252116214    1.455252591
    7.435126253   -0.253150739   -0.253145777    1.492519112
    7.455164329   -0.254457703   -0.254452711    1.524612801
    7.475202405   -0.256161861   -0.256156742    1.550748992
    7.495240481   -0.258559840   -0.258554476    1.571043045
    7.515278557   -0.262028942   -0.262023196    1.586424046
    7.535316633   -0.266931809   -0.266925527    1.598165688
    7.555354709   -0.273510603   -0.273503638    1.607294354
    7.575392786   -0.281829135   -0.281821400    1.614218039
    7.595430862   -0.291816565   -0.291808097    1.618734344
    7.615468938   -0.303372601   -0.303363616    1.620325691
    7.635507014   -0.316428798   -0.316419707    1.618548634
    7.655545090   -0.330889786   -0.330881151    1.613362099
    7.675583166   -0.346464091   -0.346456532    1.605287300
    7.695621242   -0.362478634   -0.362472701    1.595335905
    7.715659319   -0.377794661   -0.377790717    1.584749168
    7.735697395   -0.390881068   -0.390879212    1.574706305
    7.755735471   -0.400023457   -0.400023518    1.566138270
    7.775773547   -0.403623363   -0.403624960    1.559617511
    7.795811623   -0.400528777   -0.400531436    1.555218363
    7.815849699   -0.390290293   -0.390293568    1.552374965
    7.835887776   -0.373221991   -0.373225542    1.549886376
    7.855925852   -0.350240862   -0.350244468    1.546154754
    7.875963928   -0.322592318   -0.322595856    1.539595829
    7.896002004   -0.291595221   -0.291598633    1.529073551
    7.916040080   -0.258462392   -0.258465656    1.514189073
    7.936078156   -0.224191220   -0.224194335    1.495275722
    7.956116232   -0.189513427   -0.189516391    1.473046520
    7.976154309   -0.154899895   -0.154902696    1.448011545
    7.996192385   -0.120613299   -0.120615913    1.419926886
    8.016230461   -0.086793797   -0.086796184    1.387529359
    8.036268537   -0.053554872   -0.053556981    1.348657251
    8.056306613   -0.021058417   -0.021060191    1.300694212
    8.076344689    0.010465832    0.010464447    1.241185956
    8.096382766    0.040775427    0.040774477    1.168452992
    8.116420842    0.069721349    0.069720861    1.082080333
    8.136458918    0.097342547    0.097342522    0.983290965
    8.156496994    0.123890036    0.123890445    0.875199029
    8.176535070    0.149767403    0.149768189    0.762730653
    8.196573146    0.175421607    0.175422699    0.651941474
    8.216611222    0.201233058    0.201234381    0.548782546
    8.236649299    0.227441366    0.227442849    0.457789251
    8.256687375    0.254121297    0.254122884    0.381311519
    8.276725451    0.281199921    0.281201571    0.319633447
    8.296763527    0.308492160    0.308493853    0.271789510
    8.316801603    0.335737880    0.335739615    0.236488000
    8.336839679    0.362638846    0.362640627    0.212614437
    8.356877756    0.388906337    0.388908150    0.199197252
    8.376915832    0.414328549    0.414330345    0.195109163
    8.396953908    0.438842125    0.438843821    0.198867041
    8.416991984    0.462568614    0.462570121    0.208667431
    8.437030060    0.485791019    0.485792261    0.222522144
    8.457068136    0.508883391    0.508884325    0.238333043
    8.477106212    0.532222907    0.532223535    0.253919567
    8.497144289    0.556104954    0.556105324    0.267114487
    8.517182365    0.580678041    0.580678235    0.276009461
    8.537220441    0.605923519    0.605923637    0.279352044
    8.557258517    0.631695293    0.631695428    0.276971619
    8.577296593    0.657797340    0.657797563    0.270001442
    8.597334669    0.684052102    0.684052451    0.260708339
    8.617372745    0.710328740    0.710329224    0.251945183
    8.637410822    0.736533338    0.736533943    0.246460103
    8.657448898    0.762581807    0.762582519    0.246351670
    8.677486974    0.788378390    0.788379208    0.252812753
    8.697525050    0.813814934    0.813815869    0.266132831
    8.717563126    0.838786262    0.838787330    0.285870304
    8.737601202    0.863196474    0.863197685    0.311118468
    8.757639279    0.886934842    0.886936191    0.340798263
    8.777677355    0.909834791    0.909836260    0.373914242
    8.797715431    0.931660567    0.931662122    0.409714909
    8.817753507    0.952142817    0.952144407    0.447715829
    8.837791583    0.971027366    0.971028917    0.487596239
    8.857829659    0.988089205    0.988090622    0.529050085
    8.877867735    1.003106947    1.003108126    0.571706980
    8.897905812    1.015834413    1.015835263    0.615183553
    8.917943888    1.026020171    1.026020630    0.659193222
    8.937981964    1.033509026    1.033509074    0.703579321
    8.958020040    1.038391430    1.038391086    0.748238101
    8.978058116    1.041090976    1.041090279    0.793028045
    8.998096192    1.042301933    1.042300926    0.837763753
    9.018134269    1.042809080    1.042807788    0.882287387
    9.038172345    1.043304988    1.043303422    0.926521015
    9.058210421    1.044277368    1.044275524    0.970439799
    9.078248497    1.045959396    1.045957270    1.014027423
    9.098286573    1.048331312    1.048328914    1.057300705
    9.118324649    1.051183981    1.051181342    1.100379679
    9.138362725    1.054223847    1.054221015    1.143517078
    9.158400802    1.057160401    1.057157434    1.187073990
    9.178438878    1.059754699    1.059751654    1.231473584
    9.198476954    1.061876047    1.061872973    1.277100341
    9.218515030    1.063594734    1.063591673    1.324103183
    9.238553106    1.065248049    1.065245037    1.372179816
    9.258591182    1.067386727    1.067383799    1.420479075
    9.278629259    1.070590872    1.070588061    1.467647858
    9.298667335    1.075263149    1.075260479    1.511933196
    9.318705411    1.081530520    1.081528007    1.551276450
    9.338743487    1.089280818    1.089278470    1.583425255
    9.358781563    1.098263379    1.098261206    1.606113391
    9.378819639    1.108189552    1.108187564    1.617313609
    9.398857715    1.118810419    1.118808632    1.615490505
    9.418895792    1.129957964    1.129956395    1.599720885
    9.438933868    1.141545169    1.141543832    1.569616858
    9.458971944    1.153540870    1.153539775    1.525172829
    9.479010020    1.165928395    1.165927541    1.466734088
    9.499048096    1.178648949    1.178648334    1.395131430
    9.519086172    1.191553363    1.191552980    1.311830508
    9.539124248    1.204399251    1.204399088    1.218922081
    9.559162325    1.216900047    1.216900084    1.118917450
    9.579200401    1.228789609    1.228789814    1.014465275
    9.599238477    1.239861229    1.239861566    0.908146743
    9.619276553    1.249962160    1.249962592    0.802397344
    9.639314629    1.258944254    1.258944754    0.699458161
    9.659352705    1.266598127    1.266598681    0.601258424
    9.679390782    1.272614723    1.272615336    0.509262743
    9.699428858    1.276599632    1.276600325    0.424398069
    9.719466934    1.278143900    1.278144715    0.347127539
    9.739505010    1.276942006    1.276942996    0.277621610
    9.759543086    1.272921416    1.272922635    0.215885555
    9.779581162    1.266333688    1.266335171    0.161742220
    9.799619238    1.257784141    1.257785891    0.114733632
    9.819657315    1.248208186    1.248210161    0.074100815
    9.839695391    1.238789279    1.238791399    0.038892242
    9.859733467    1.230795102    1.230797267    0.008081084
    9.879771543    1.225351794    1.225353902   -0.019428914
    9.899809619    1.223238742    1.223240704   -0.044862729
    9.919847695    1.224789555    1.224791296   -0.069550956
    9.939885772    1.229930276    1.229931742   -0.094784915
    9.959923848    1.238315978    1.238317139   -0.121665415
    9.979961924    1.249483089    1.249483939   -0.151036417
   10.000000000    1.262937513    1.262938069   -0.183457168
