# energy grid [eV]     epsi_x  epsi_y  epsi_z
#
    0.001000000   55.213057794    7.953298323    2.682669716
    0.021038076   44.644725921    6.968936237    0.579030367
    0.041076152   40.106638562    6.574678199    0.473844781
    0.061114228   35.673488051    6.086470845    0.431580345
    0.081152305   31.934377379    5.662498809    0.409132628
    0.101190381   28.863626629    5.301655481    0.397435467
    0.121228457   26.340145434    4.989210076    0.392812286
    0.141266533   24.246406060    4.712951702    0.392330940
    0.161304609   22.481848369    4.463603769    0.393046775
    0.181342685   20.958059075    4.232679601    0.392205507
    0.201380762   19.593400286    4.010881683    0.387606369
    0.221418838   18.314923852    3.788894858    0.377912056
    0.241456914   17.068614732    3.560443737    0.362871859
    0.261494990   15.830667857    3.325068438    0.343354199
    0.281533066   14.609501818    3.087979289    0.321053253
    0.301571142   13.436014295    2.857156749    0.297937469
    0.321609218   12.348910283    2.640114994    0.275729106
    0.341647295   11.382153238    2.441971393    0.255645982
    0.361685371   10.557008778    2.264765253    0.238392799
    0.381723447    9.879136451    2.107739654    0.224253745
    0.401761523    9.340285178    1.968662702    0.213175657
    0.421799599    8.921920847    1.845719780    0.204813725
    0.441837675    8.597486282    1.738733591    0.198567638
    0.461875752    8.333483520    1.648952793    0.193667888
    0.481913828    8.093165002    1.577988748    0.189352694
    0.501951904    7.844462346    1.526972709    0.185086083
    0.521989980    7.567809610    1.496372708    0.180687187
    0.542028056    7.258142922    1.486242495    0.176282196
    0.562066132    6.920816626    1.496550683    0.172128852
    0.582104208    6.565999486    1.527404004    0.168447071
    0.602142285    6.205393742    1.579118599    0.165341059
    0.622180361    5.851764280    1.652145791    0.162803192
    0.642218437    5.519321645    1.746876720    0.160756053
    0.662256513    5.222807378    1.863368663    0.159109722
    0.682294589    4.974920505    2.001040608    0.157818284
    0.702332665    4.783510262    2.158367871    0.156906190
    0.722370741    4.650066154    2.332642731    0.156448443
    0.742408818    4.569942276    2.519999150    0.156525708
    0.762446894    4.533888141    2.715890166    0.157188910
    0.782484970    4.530264717    2.915861849    0.158451404
    0.802523046    4.547383284    3.116163580    0.160307444
    0.822561122    4.575435591    3.313913907    0.162763608
    0.842599198    4.607542268    3.506964915    0.165862214
    0.862637275    4.639750948    3.693803581    0.169678704
    0.882675351    4.670362628    3.873653236    0.174293893
    0.902713427    4.699230969    4.046530537    0.179760888
    0.922751503    4.727340000    4.212882188    0.186086381
    0.942789579    4.756528615    4.372942636    0.193231052
    0.962827655    4.789159992    4.526405997    0.201119238
    0.982865731    4.827617740    4.672580945    0.209646179
    1.002903808    4.873600439    4.810558843    0.218684746
    1.022941884    4.927385860    4.939032853    0.228102842
    1.042979960    4.987381434    5.055952015    0.237790071
    1.063018036    5.050181813    5.158470490    0.247673476
    1.083056112    5.111152537    5.243506394    0.257702423
    1.103094188    5.165392791    5.308808077    0.267803472
    1.123132265    5.208782338    5.353989940    0.277831789
    1.143170341    5.238739672    5.380930948    0.287558995
    1.163208417    5.254436662    5.393364509    0.296723176
    1.183246493    5.256515686    5.395987035    0.305126032
    1.203284569    5.246639154    5.393527049    0.312723269
    1.223322645    5.227164912    5.390092922    0.319653355
    1.243360721    5.200884416    5.389032799    0.326192438
    1.263398798    5.170589480    5.393321710    0.332674284
    1.283436874    5.138540144    5.406050653    0.339428407
    1.303474950    5.106244679    5.430410053    0.346758629
    1.323513026    5.074773036    5.468966315    0.354948337
    1.343551102    5.045262391    5.522654853    0.364269441
    1.363589178    5.019055073    5.590163769    0.374980645
    1.383627255    4.997351080    5.668087724    0.387311705
    1.403665331    4.980794814    5.751705718    0.401441408
    1.423703407    4.969384059    5.835909132    0.417484217
    1.443741483    4.962640518    5.915863044    0.435494041
    1.463779559    4.959724992    5.987294585    0.455477653
    1.483817635    4.959319767    6.046566250    0.477405444
    1.503855711    4.959400173    6.090714189    0.501215362
    1.523893788    4.957197728    6.117506329    0.526808424
    1.543931864    4.949576993    6.125487371    0.554030425
    1.563969940    4.933772848    6.113974434    0.582640982
    1.584008016    4.908205320    6.083042531    0.612288794
    1.604046092    4.873062367    6.033605870    0.642523644
    1.624084168    4.830443371    5.967630262    0.672862948
    1.644122244    4.783989569    5.888394844    0.702891344
    1.664160321    4.738095551    5.800632972    0.732335982
    1.684198397    4.696974488    5.710279987    0.761066638
    1.704236473    4.663907132    5.623646782    0.789014534
    1.724274549    4.640892110    5.546300754    0.816053781
    1.744312625    4.628736673    5.482312239    0.841918240
    1.764350701    4.627457994    5.434236566    0.866208628
    1.784388778    4.636796623    5.403534676    0.888482289
    1.804426854    4.656723775    5.390884017    0.908362816
    1.824464930    4.687855545    5.396185040    0.925604553
    1.844503006    4.731563435    5.418495691    0.940096065
    1.864541082    4.789567162    5.456154337    0.951846878
    1.884579158    4.863054803    5.507033433    0.961009869
    1.904617234    4.951643632    5.568612867    0.967921778
    1.924655311    5.052608267    5.637750459    0.973077305
    1.944693387    5.160797579    5.710534625    0.976997258
    1.964731463    5.269486008    5.782780141    0.980070371
    1.984769539    5.371990312    5.851208467    0.982482895
    2.004807615    5.463431176    5.914636334    0.984263678
    2.024845691    5.541937347    5.974356256    0.985391540
    2.044883768    5.608928857    6.033430010    0.985906630
    2.064921844    5.668453565    6.095284391    0.985985175
    2.084959920    5.725768725    6.162370922    0.985939093
    2.104997996    5.785657717    6.235570005    0.986124507
    2.125036072    5.851167824    6.314515186    0.986808859
    2.145074148    5.923274278    6.398463404    0.988094836
    2.165112224    6.001482149    6.487133932    0.989950492
    2.185150301    6.084844129    6.581111593    0.992286914
    2.205188377    6.172716754    6.681722537    0.995000655
    2.225226453    6.264984510    6.790545800    0.997982548
    2.245264529    6.362008680    6.908889964    1.001138696
    2.265302605    6.464630228    7.037544135    1.004411669
    2.285340681    6.574238383    7.176885919    1.007751226
    2.305378758    6.692729065    7.327233564    1.011037712
    2.325416834    6.822283032    7.489247708    1.014018898
    2.345454910    6.965052371    7.664121391    1.016308188
    2.365492986    7.122946420    7.853359083    1.017447510
    2.385531062    7.297687048    8.058226946    1.017006246
    2.405569138    7.491063258    8.279209534    1.014674861
    2.425607214    7.705093252    8.515781506    1.010328710
    2.445645291    7.941850933    8.766505808    1.004070422
    2.465683367    8.202896732    9.029144481    0.996255288
    2.485721443    8.488423294    9.300499035    0.987462372
    2.505759519    8.796410656    9.576152432    0.978375803
    2.525797595    9.122175791    9.850630208    0.969613008
    2.545835671    9.458507424   10.118193155    0.961589975
    2.565873747    9.796225245   10.373758645    0.954482430
    2.585911824   10.124900049   10.613242329    0.948267939
    2.605949900   10.433721607   10.833301161    0.942792342
    2.625987976   10.712694361   11.031154413    0.937826573
    2.646026052   10.954117587   11.204919574    0.933124348
    2.666064128   11.153860938   11.354102516    0.928494588
    2.686102204   11.311772400   11.479563188    0.923871254
    2.706140281   11.430869278   11.582707995    0.919348345
    2.726178357   11.515579405   11.664282462    0.915167535
    2.746216433   11.569830721   11.723440583    0.911671452
    2.766254509   11.595814275   11.757589366    0.909236738
    2.786292585   11.593723847   11.762947351    0.908191648
    2.806330661   11.562231543   11.735316197    0.908736443
    2.826368737   11.499298743   11.670734073    0.910906880
    2.846406814   11.402934713   11.566123128    0.914609209
    2.866444890   11.271579545   11.420071378    0.919718243
    2.886482966   11.104116567   11.233526794    0.926198822
    2.906521042   10.899915091   11.009973534    0.934188228
    2.926559118   10.659268818   10.754903066    0.943979824
    2.946597194   10.384166108   10.474875249    0.955904798
    2.966635271   10.079014779   10.176675224    0.970185825
    2.986673347    9.750927221    9.866829297    0.986856976
    3.006711423    9.409290885    9.551435607    1.005788564
    3.026749499    9.064608218    9.236167708    1.026779967
    3.046787575    8.726991723    8.926307066    1.049651279
    3.066825651    8.404914966    8.626679921    1.074290962
    3.086863727    8.104580862    8.341460785    1.100662578
    3.106901804    7.829875784    8.073947752    1.128797492
    3.126939880    7.582748513    7.826515690    1.158790763
    3.146977956    7.363881408    7.600869077    1.190785959
    3.167016032    7.173460333    7.398457528    1.224926142
    3.187054108    7.011802591    7.220795959    1.261293284
    3.207092184    6.879688190    7.069587431    1.299889876
    3.227130261    6.778332248    6.946701758    1.340668198
    3.247168337    6.708988490    6.854074195    1.383551296
    3.267206413    6.672277583    6.793547083    1.428404098
    3.287244489    6.667423789    6.766576528    1.474971830
    3.307282565    6.691574169    6.773635630    1.522839479
    3.327320641    6.739395526    6.813312894    1.571470455
    3.347358717    6.803247080    6.881501160    1.620341225
    3.367396794    6.874166712    6.971250709    1.669098649
    3.387434870    6.943530525    7.073547369    1.717613067
    3.407472946    7.004799958    7.178758856    1.765870714
    3.427511022    7.054613465    7.278195346    1.813784849
    3.447549098    7.092772837    7.365283810    1.861063917
    3.467587174    7.121286346    7.436110296    1.907222574
    3.487625251    7.143080921    7.489326677    1.951727565
    3.507663327    7.160937861    7.525579042    1.994194009
    3.527701403    7.176859571    7.546694005    2.034520047
    3.547739479    7.191808348    7.554847602    2.072880335
    3.567777555    7.205667405    7.551905561    2.109575941
    3.587815631    7.217305297    7.539067965    2.144823932
    3.607853707    7.224741226    7.516853321    2.178606330
    3.627891784    7.225515870    7.485396440    2.210652452
    3.647929860    7.217321992    7.444950914    2.240539231
    3.667967936    7.198719956    7.396308383    2.267830135
    3.688006012    7.169568258    7.340813879    2.292166494
    3.708044088    7.130937807    7.279967290    2.313265493
    3.728082164    7.084663741    7.214962902    2.330848091
    3.748120240    7.032843481    7.146512544    2.344584575
    3.768158317    6.977446695    7.075014140    2.354157566
    3.788196393    6.920104422    7.000922065    2.359471967
    3.808234469    6.862104654    6.925103293    2.360905810
    3.828272545    6.804501106    6.848951344    2.359403953
    3.848310621    6.748179823    6.774147222    2.356309565
    3.868348697    6.693837258    6.702206491    2.353053268
    3.888386774    6.641972313    6.634141161    2.350920223
    3.908424850    6.593035961    6.570506814    2.350992590
    3.928462926    6.547754023    6.511805659    2.354196699
    3.948501002    6.507416755    6.458914092    2.361343959
    3.968539078    6.473854668    6.413177699    2.373129352
    3.988577154    6.449022038    6.376076138    2.390121045
    4.008615230    6.434418818    6.348663819    2.412764731
    4.028653307    6.430697189    6.331105328    2.441381691
    4.048691383    6.437600121    6.322537454    2.476135965
    4.068729459    6.454106264    6.321327391    2.516979327
    4.088767535    6.478580273    6.325570201    2.563610694
    4.108805611    6.508813485    6.333490303    2.615490051
    4.128843687    6.541998941    6.343557827    2.671920864
    4.148881764    6.574865903    6.354470794    2.732180066
    4.168919840    6.604153708    6.365209532    2.795653085
    4.188957916    6.627243419    6.375107969    2.861924983
    4.208995992    6.642506825    6.383762137    2.930807351
    4.229034068    6.649164110    6.390809852    3.002323352
    4.249072144    6.646920617    6.395822277    3.076661825
    4.269110220    6.635796136    6.398410551    3.154075096
    4.289148297    6.616244853    6.398382198    3.234737396
    4.309186373    6.589330172    6.395756488    3.318668113
    4.329224449    6.556703083    6.390624194    3.405799948
    4.349262525    6.520326347    6.382972523    3.496133089
    4.369300601    6.482036403    6.372581919    3.589837436
    4.389338677    6.443091463    6.359007331    3.687222306
    4.409376754    6.403884931    6.341618750    3.788591098
    4.429414830    6.363954760    6.319669513    3.894037464
    4.449452906    6.322265299    6.292346844    4.003215642
    4.469490982    6.277632330    6.258835992    4.115113964
    4.489529058    6.229150676    6.218508042    4.227940405
    4.509567134    6.176486188    6.171236472    4.339297388
    4.529605210    6.119947018    6.117674122    4.446733549
    4.549643287    6.060373245    6.059307282    4.548532460
    4.569681363    5.998960241    5.998236591    4.644389721
    4.589719439    5.937074293    5.936764823    4.735614823
    4.609757515    5.876023829    5.876920470    4.824753887
    4.629795591    5.816793042    5.820040800    4.914877459
    4.649833667    5.759870747    5.766529369    5.008893455
    4.669871743    5.705283892    5.715869627    5.109081918
    4.689909820    5.652792773    5.666897681    5.216841883
    4.709947896    5.602139100    5.618251404    5.332576576
    4.729985972    5.553267931    5.568846222    5.455711376
    4.750024048    5.506440644    5.518205397    5.584910718
    4.770062124    5.462158965    5.466531839    5.718511666
    4.790100200    5.420934701    5.414518504    5.855022837
    4.810138277    5.383082906    5.362995323    5.993424876
    4.830176353    5.348689390    5.312586863    6.133152772
    4.850214429    5.317699980    5.263559973    6.273922243
    4.870252505    5.289961356    5.215925195    6.415624613
    4.890290581    5.265159152    5.169695880    6.558328320
    4.910328657    5.242753788    5.125129230    6.702285133
    4.930366733    5.222011336    5.082803929    6.847860214
    4.950404810    5.202113589    5.043482757    6.995373307
    4.970442886    5.182244670    5.007808116    7.144886018
    4.990480962    5.161584813    4.975955156    7.296024739
    5.010519038    5.139262888    4.947406326    7.447944546
    5.030557114    5.114365157    4.920980572    7.599443076
    5.050595190    5.086004211    4.895127798    7.749125081
    5.070633267    5.053377855    4.868342625    7.895544440
    5.090671343    5.015816431    4.839483074    8.037352111
    5.110709419    4.972875997    4.807853657    8.173471866
    5.130747495    4.924459442    4.773069840    8.303189973
    5.150785571    4.870881108    4.734840648    8.426006746
    5.170823647    4.812818848    4.692804851    8.541276119
    5.190861723    4.751153162    4.646493169    8.647822892
    5.210899800    4.686765831    4.595463952    8.743695675
    5.230937876    4.620425338    4.539612341    8.826136765
    5.250975952    4.552829602    4.479507814    8.891821598
    5.271014028    4.484755005    4.416526939    8.937339431
    5.291052104    4.417204725    4.352676660    8.959792302
    5.311090180    4.351457189    4.290225298    8.957372018
    5.331128257    4.288945631    4.231352968    8.929767095
    5.351166333    4.231000805    4.177945015    8.878270357
    5.371204409    4.178629734    4.131506656    8.805591552
    5.391242485    4.132509977    4.093115091    8.715498691
    5.411280561    4.093184932    4.063354328    8.612379793
    5.431318637    4.061248301    4.042249168    8.500738679
    5.451356713    4.037336845    4.029280351    8.384638661
    5.471394790    4.021960815    4.023542583    8.267171548
    5.491432866    4.015332962    4.024000283    8.150109515
    5.511470942    4.017288513    4.029714998    8.033904309
    5.531509018    4.027254387    4.039930790    7.918051249
    5.551547094    4.044204635    4.053990834    7.801619250
    5.571585170    4.066625753    4.071173981    7.683634049
    5.591623246    4.092572726    4.090589839    7.563125122
    5.611661323    4.119864346    4.111199689    7.438967724
    5.631699399    4.146384897    4.131928411    7.309850297
    5.651737475    4.170385060    4.151791543    7.174536907
    5.671775551    4.190669352    4.169977055    7.032291813
    5.691813627    4.206622751    4.185866263    6.883221477
    5.711851703    4.218084150    4.199020177    6.728373391
    5.731889780    4.225106341    4.209163405    6.569558199
    5.751927856    4.227703288    4.216173350    6.408992029
    5.771965932    4.225727075    4.220068051    6.248949059
    5.792004008    4.218958827    4.220999446    6.091573764
    5.812042084    4.207368086    4.219265917    5.938867331
    5.832080160    4.191383025    4.215326805    5.792740860
    5.852118236    4.171995142    4.209762985    5.654975477
    5.872156313    4.150625142    4.203150997    5.527017486
    5.892194389    4.128820423    4.195904365    5.409712986
    5.912232465    4.107927001    4.188192363    5.303145903
    5.932270541    4.088870131    4.179998871    5.206645855
    5.952308617    4.072109880    4.171255888    5.118922808
    5.972346693    4.057717440    4.161901075    5.038245731
    5.992384770    4.045426724    4.151775056    4.962615606
    6.012422846    4.034571093    4.140436235    4.889945579
    6.032460922    4.023979023    4.127053650    4.818273231
    6.052498998    4.011975599    4.110457583    4.745986093
    6.072537074    3.996558585    4.089306499    4.671986046
    6.092575150    3.975724341    4.062313788    4.595706778
    6.112613226    3.947856732    4.028509325    4.516994571
    6.132651303    3.912029425    3.987472481    4.435984211
    6.152689379    3.868085346    3.939417754    4.353071503
    6.172727455    3.816501714    3.885060090    4.268932230
    6.192765531    3.758178059    3.825327519    4.184481378
    6.212803607    3.694257037    3.761092849    4.100753271
    6.232841683    3.625984392    3.693057667    4.018764188
    6.252879760    3.554576449    3.621791774    3.939423900
    6.272917836    3.481099751    3.547847021    3.863510004
    6.292955912    3.406398823    3.471864799    3.791651193
    6.312993988    3.331097413    3.394617098    3.724277021
    6.333032064    3.255675013    3.316943507    3.661589438
    6.353070140    3.180593035    3.239612036    3.603638622
    6.373108216    3.106397580    3.163206093    3.550466663
    6.393146293    3.033711395    3.088122417    3.502179107
    6.413184369    2.963116131    3.014659257    3.458869917
    6.433222445    2.895035064    2.943097208    3.420468561
    6.453260521    2.829710492    2.873701576    3.386634330
    6.473298597    2.767261126    2.806669660    3.356774584
    6.493336673    2.707748382    2.742109325    3.330183966
    6.513374749    2.651205257    2.680095765    3.306247378
    6.533412826    2.597620621    2.620749339    3.284629810
    6.553450902    2.546907513    2.564243448    3.265378003
    6.573488978    2.498905051    2.510745054    3.248876456
    6.593527054    2.453427160    2.460372532    3.235647322
    6.613565130    2.410314817    2.413207739    3.226077913
    6.633603206    2.369452882    2.369317508    3.220236271
    6.653641283    2.330759080    2.328747525    3.217876257
    6.673679359    2.294171170    2.291503563    3.218564905
    6.693717435    2.259638219    2.257536416    3.221775217
    6.713755511    2.227108502    2.226722205    3.226882328
    6.733793587    2.196530252    2.198849832    3.233149418
    6.753831663    2.167895389    2.173659135    3.239798380
    6.773869739    2.141307469    2.150941613    3.246132807
    6.793907816    2.117003457    2.130643820    3.251596149
    6.813945892    2.095288069    2.112883218    3.255712820
    6.833983968    2.076407983    2.097840593    3.257985141
    6.854022044    2.060423816    2.085602787    3.257849936
    6.874060120    2.047138918    2.076083156    3.254716123
    6.894098196    2.036126153    2.069073954    3.248037628
    6.914136273    2.026839481    2.064375764    3.237404077
    6.934174349    2.018744274    2.061913822    3.222668174
    6.954212425    2.011398060    2.061775199    3.204074782
    6.974250501    2.004458263    2.064136567    3.182286165
    6.994288577    1.997657203    2.069097052    3.158255021
    7.014326653    1.990811513    2.076479929    3.133026671
    7.034364729    1.983883875    2.085694012    3.107579246
    7.054402806    1.977041360    2.095733598    3.082741632
    7.074440882    1.970641802    2.105341471    3.059174311
    7.094478958    1.965141713    2.113276823    3.037382761
    7.114517034    1.960983070    2.118575386    3.017749004
    7.134555110    1.958509494    2.120717491    3.000591781
    7.154593186    1.957915293    2.119688056    2.986238556
    7.174631263    1.959213405    2.115937994    2.975038431
    7.194669339    1.962222221    2.110253454    2.967278283
    7.214707415    1.966579628    2.103557152    2.963075161
    7.234745491    1.971784624    2.096693301    2.962345806
    7.254783567    1.977259988    2.090261595    2.964852642
    7.274821643    1.982431860    2.084558442    2.970254194
    7.294859719    1.986815479    2.079635840    2.978132017
    7.314897796    1.990081765    2.075413644    2.988015937
    7.334935872    1.992081872    2.071757983    2.999420769
    7.354973948    1.992823806    2.068500184    3.011894282
    7.375012024    1.992409108    2.065434760    3.025069030
    7.395050100    1.990951195    2.062329768    3.038696229
    7.415088176    1.988501020    2.058937781    3.052650518
    7.435126253    1.984984415    2.054977862    3.066922577
    7.455164329    1.980139609    2.050085580    3.081610497
    7.475202405    1.973463499    2.043754646    3.096886020
    7.495240481    1.964199156    2.035286601    3.112906589
    7.515278557    1.951384817    2.023753045    3.129698100
    7.535316633    1.933959240    2.007998659    3.147090612
    7.555354709    1.910924965    1.986758120    3.164762477
    7.575392786    1.881577065    1.958942222    3.182353554
    7.595430862    1.845744499    1.924018413    3.199568322
    7.615468938    1.803928201    1.882287636    3.216241180
    7.635507014    1.757267429    1.834903514    3.232374639
    7.655545090    1.707365119    1.783643301    3.248152222
    7.675583166    1.656036827    1.730552435    3.263934627
    7.695621242    1.605040757    1.677595138    3.280255528
    7.715659319    1.555854777    1.626404418    3.297807757
    7.735697395    1.509558262    1.578170019    3.317385767
    7.755735471    1.466829939    1.533649726    3.339757091
    7.775773547    1.428024902    1.493256295    3.365475623
    7.795811623    1.393275222    1.457167320    3.394702261
    7.815849699    1.362573816    1.425422972    3.427117731
    7.835887776    1.335826856    1.397991204    3.461979395
    7.855925852    1.312870673    1.374783541    3.498309403
    7.875963928    1.293462498    1.355626345    3.535132921
    7.896002004    1.277276507    1.340229281    3.571662739
    7.916040080    1.263929052    1.328192265    3.607374607
    7.936078156    1.253016754    1.319044164    3.641966274
    7.956116232    1.244131952    1.312271334    3.675215939
    7.976154309    1.236850199    1.307313030    3.706805842
    7.996192385    1.230723721    1.303545565    3.736199691
    8.016230461    1.225308576    1.300296595    3.762580680
    8.036268537    1.220213813    1.296909494    3.784785365
    8.056306613    1.215144984    1.292839645    3.801236795
    8.076344689    1.209929091    1.287738241    3.809977722
    8.096382766    1.204516518    1.281476733    3.808878939
    8.116420842    1.198954048    1.274094660    3.796009857
    8.136458918    1.193335378    1.265710435    3.770100689
    8.156496994    1.187757365    1.256467948    3.730949477
    8.176535070    1.182307082    1.246555577    3.679568105
    8.196573146    1.177071800    1.236261678    3.617976461
    8.216611222    1.172145134    1.225996543    3.548787898
    8.236649299    1.167617894    1.216241347    3.474814617
    8.256687375    1.163563058    1.207445775    3.398787577
    8.276725451    1.160030864    1.199938059    3.323151237
    8.296763527    1.157065015    1.193900988    3.249897644
    8.316801603    1.154736352    1.189413601    3.180454987
    8.336839679    1.153174129    1.186513441    3.115666013
    8.356877756    1.152573018    1.185235843    3.055882925
    8.376915832    1.153168001    1.185615049    3.001149238
    8.396953908    1.155186447    1.187655281    2.951375934
    8.416991984    1.158796927    1.191292556    2.906443189
    8.437030060    1.164077943    1.196372671    2.866242854
    8.457068136    1.171023647    1.202667209    2.830705743
    8.477106212    1.179581254    1.209932597    2.799817525
    8.497144289    1.189690912    1.217983793    2.773592976
    8.517182365    1.201303355    1.226733459    2.751985292
    8.537220441    1.214380502    1.236179695    2.734737911
    8.557258517    1.228895978    1.246374948    2.721226989
    8.577296593    1.244830829    1.257404851    2.710390853
    8.597334669    1.262145431    1.269367603    2.700848112
    8.617372745    1.280734879    1.282341021    2.691197354
    8.637410822    1.300407931    1.296350057    2.680342660
    8.657448898    1.320912298    1.311353052    2.667676695
    8.677486974    1.341980553    1.327253318    2.653089428
    8.697525050    1.363362414    1.343934263    2.636880153
    8.717563126    1.384846397    1.361302009    2.619622981
    8.737601202    1.406290089    1.379306321    2.601967720
    8.757639279    1.427646099    1.397924476    2.584392252
    8.777677355    1.448952322    1.417129791    2.567034787
    8.797715431    1.470290848    1.436885474    2.549756881
    8.817753507    1.491749075    1.457171829    2.532425737
    8.837791583    1.513394670    1.478005674    2.515199299
    8.857829659    1.535251754    1.499414342    2.498593070
    8.877867735    1.557280363    1.521383752    2.483320285
    8.897905812    1.579383958    1.543834094    2.470084922
    8.917943888    1.601451849    1.566644332    2.459484963
    8.937981964    1.623391630    1.589693795    2.452030190
    8.958020040    1.645091495    1.612871236    2.448189171
    8.978058116    1.666318753    1.636027277    2.448406624
    8.998096192    1.686650987    1.658896563    2.453088831
    9.018134269    1.705545695    1.681057049    2.462584900
    9.038172345    1.722543208    1.701986122    2.477193117
    9.058210421    1.737456821    1.721207003    2.497194256
    9.078248497    1.750390707    1.738438376    2.522884547
    9.098286573    1.761567495    1.753641502    2.554584739
    9.118324649    1.771107817    1.766941669    2.592613115
    9.138362725    1.778952430    1.778520437    2.637209575
    9.158400802    1.785004787    1.788585888    2.688437522
    9.178438878    1.789368572    1.797402058    2.746150044
    9.198476954    1.792457557    1.805274980    2.810059356
    9.218515030    1.794879776    1.812466256    2.879807012
    9.238553106    1.797196922    1.819105962    2.954896332
    9.258591182    1.799727364    1.825173248    3.034500304
    9.278629259    1.802494084    1.830552144    3.117326485
    9.298667335    1.805315161    1.835126613    3.201707119
    9.318705411    1.807955873    1.838865057    3.285887891
    9.338743487    1.810247855    1.841858940    3.368295979
    9.358781563    1.812129353    1.844301137    3.447586538
    9.378819639    1.813621306    1.846408935    3.522504256
    9.398857715    1.814785378    1.848335237    3.591773022
    9.418895792    1.815708345    1.850137850    3.654122193
    9.438933868    1.816525249    1.851833193    3.708349551
    9.458971944    1.817442935    1.853477475    3.753314969
    9.479010020    1.818715183    1.855196048    3.787926253
    9.499048096    1.820572048    1.857145450    3.811243821
    9.519086172    1.823147947    1.859454900    3.822702076
    9.539124248    1.826448131    1.862191226    3.822301538
    9.559162325    1.830370497    1.865356150    3.810645724
    9.579200401    1.834767363    1.868903029    3.788845463
    9.599238477    1.839500290    1.872753090    3.758412405
    9.619276553    1.844449306    1.876803546    3.721203704
    9.639314629    1.849488913    1.880956344    3.679348885
    9.659352705    1.854483380    1.885192663    3.635076184
    9.679390782    1.859336385    1.889642341    3.590466774
    9.699428858    1.864070715    1.894565888    3.547224824
    9.719466934    1.868876316    1.900253044    3.506518061
    9.739505010    1.874090358    1.906917101    3.468916582
    9.759543086    1.880128875    1.914627408    3.434439824
    9.779581162    1.887404064    1.923267956    3.402683809
    9.799619238    1.896235165    1.932524019    3.372980895
    9.819657315    1.906770360    1.941924463    3.344553403
    9.839695391    1.918973130    1.950949213    3.316643090
    9.859733467    1.932696431    1.959182732    3.288621780
    9.879771543    1.947784890    1.966474758    3.260082412
    9.899809619    1.964123493    1.973043304    3.230878117
    9.919847695    1.981622070    1.979460972    3.201082504
    9.939885772    2.000190160    1.986532532    3.170885977
    9.959923848    2.019737147    1.995129708    3.140471204
    9.979961924    2.040179475    2.006041540    3.109927827
   10.000000000    2.061430323    2.019857032    3.079254586
