# energy grid [eV]     epsi_x  epsi_y  epsi_z
#
    0.001000000   33.230039558   42.320072734    4.492634170
    0.021038076   19.749991000   30.023082386    1.129163843
    0.041076152   15.654527299   24.423391474    0.878057915
    0.061114228   13.857317729   21.928551684    0.740788046
    0.081152305   12.785547191   20.477114716    0.653691399
    0.101190381   12.024339897   19.508414409    0.595915036
    0.121228457   11.421381797   18.780834504    0.557227603
    0.141266533   10.908240463   18.157706263    0.532000095
    0.161304609   10.450402145   17.554925524    0.516955933
    0.181342685   10.030697949   16.928535309    0.510022981
    0.201380762    9.642787143   16.269691519    0.509661503
    0.221418838    9.286617002   15.594173191    0.514487674
    0.241456914    8.963562778   14.926307828    0.523136035
    0.261494990    8.672274599   14.284334695    0.534314333
    0.281533066    8.407305389   13.674043001    0.546949210
    0.301571142    8.161132020   13.092445378    0.560255662
    0.321609218    7.927717338   12.536723797    0.573600649
    0.341647295    7.705043689   12.010654416    0.586210468
    0.361685371    7.495795308   11.524488878    0.596959302
    0.381723447    7.307058810   11.090749297    0.604488065
    0.401761523    7.149545531   10.720420713    0.607679783
    0.421799599    7.035786791   10.421028167    0.606222495
    0.441837675    6.976900342   10.195078111    0.600882922
    0.461875752    6.978615312   10.037454971    0.593311143
    0.481913828    7.038029688    9.932515367    0.585549058
    0.501951904    7.142275874    9.853318163    0.579577282
    0.521989980    7.269117069    9.765292718    0.577064220
    0.542028056    7.388710929    9.634545252    0.579259014
    0.562066132    7.466559523    9.437849047    0.586942612
    0.582104208    7.469474032    9.169404396    0.600416404
    0.602142285    7.375761243    8.840820399    0.619523211
    0.622180361    7.185444636    8.474830215    0.643688153
    0.642218437    6.922188550    8.096737566    0.671978851
    0.662256513    6.623947948    7.727886582    0.703181491
    0.682294589    6.329071473    7.382921488    0.735861535
    0.702332665    6.066470485    7.069815628    0.768385582
    0.722370741    5.852575468    6.790870373    0.798959004
    0.742408818    5.692785638    6.543961889    0.825799546
    0.762446894    5.584415014    6.324214273    0.847491564
    0.782484970    5.519568700    6.126019297    0.863368043
    0.802523046    5.487619354    5.944801428    0.873675638
    0.822561122    5.477360355    5.778023429    0.879431757
    0.842599198    5.478778069    5.625439198    0.882080181
    0.862637275    5.484076237    5.488776137    0.883097285
    0.882675351    5.487638730    5.370860935    0.883683613
    0.902713427    5.485346473    5.274353412    0.884641154
    0.922751503    5.474259442    5.200622294    0.886419259
    0.942789579    5.453224744    5.149264679    0.889204938
    0.962827655    5.423877749    5.118327321    0.892972122
    0.982865731    5.390901113    5.104903369    0.897524318
    1.002903808    5.360951795    5.105779841    0.902599671
    1.022941884    5.340802756    5.117998597    0.908031653
    1.042979960    5.335767602    5.139243344    0.913873398
    1.063018036    5.349030090    5.168028240    0.920372385
    1.083056112    5.381763307    5.203785268    0.927764761
    1.103094188    5.433547676    5.246804650    0.936016032
    1.123132265    5.502677818    5.297759814    0.944714837
    1.143170341    5.586288784    5.356855363    0.953222445
    1.163208417    5.680624401    5.423318805    0.960973124
    1.183246493    5.781823908    5.495933207    0.967702192
    1.203284569    5.887005444    5.574203182    0.973472368
    1.223322645    5.994757289    5.658889014    0.978562448
    1.243360721    6.104468306    5.751260439    0.983354252
    1.263398798    6.215155098    5.851772578    0.988267478
    1.283436874    6.325096768    5.959408104    0.993698993
    1.303474950    6.432701170    6.072230286    0.999936902
    1.323513026    6.537575381    6.188523278    1.007098959
    1.343551102    6.640513175    6.307388773    1.015170159
    1.363589178    6.742368900    6.428313266    1.024129911
    1.383627255    6.843087013    6.550293732    1.034054539
    1.403665331    6.941975152    6.671418141    1.045102869
    1.423703407    7.038861266    6.789104560    1.057430126
    1.443741483    7.134776543    6.900458875    1.071146903
    1.463779559    7.231351283    7.002293017    1.086352256
    1.483817635    7.329401070    7.090995102    1.103148762
    1.503855711    7.427765138    7.162709697    1.121557740
    1.523893788    7.523025757    7.213907688    1.141379156
    1.543931864    7.610004422    7.242074442    1.162119044
    1.563969940    7.682570136    7.246299585    1.183048402
    1.584008016    7.734508708    7.227635925    1.203351653
    1.604046092    7.760611985    7.189000294    1.222288783
    1.624084168    7.758079249    7.134482956    1.239311570
    1.644122244    7.727710661    7.068390435    1.254088479
    1.664160321    7.674059614    6.994652282    1.266446656
    1.684198397    7.604327034    6.916919763    1.276319023
    1.704236473    7.526667989    6.839086480    1.283769968
    1.724274549    7.448748975    6.765605890    1.289057334
    1.744312625    7.376925755    6.701113207    1.292624579
    1.764350701    7.316006891    6.649451747    1.294985019
    1.784388778    7.269424319    6.612758565    1.296574882
    1.804426854    7.239503982    6.591171049    1.297691382
    1.824464930    7.227481111    6.583166556    1.298557096
    1.844503006    7.233204314    6.586193299    1.299441338
    1.864541082    7.254892952    6.597272148    1.300727764
    1.884579158    7.289363413    6.613507760    1.302870563
    1.904617234    7.332746074    6.632633817    1.306280821
    1.924655311    7.381234988    6.653470339    1.311236520
    1.944693387    7.431414776    6.675920558    1.317859678
    1.964731463    7.480297293    6.700490340    1.326126206
    1.984769539    7.525511342    6.727724219    1.335862498
    2.004807615    7.565644161    6.757788465    1.346732702
    2.024845691    7.600373675    6.790167489    1.358273173
    2.044883768    7.630272685    6.823533695    1.370026326
    2.064921844    7.656453950    6.856019149    1.381744426
    2.084959920    7.680241483    6.886006357    1.393535316
    2.104997996    7.702977009    6.913133689    1.405815109
    2.125036072    7.726008663    6.938840645    1.419064103
    2.145074148    7.750837978    6.965978978    1.433536757
    2.165112224    7.779248533    6.997737017    1.449095875
    2.185150301    7.813146446    7.036661341    1.465229531
    2.205188377    7.854058313    7.084366380    1.481192273
    2.225226453    7.902590472    7.141853942    1.496176485
    2.245264529    7.958253626    7.209963719    1.509457092
    2.265302605    8.019824692    7.289630537    1.520497728
    2.285340681    8.086088009    7.381940283    1.529023753
    2.305378758    8.156552129    7.488047703    1.535061826
    2.325416834    8.231696252    7.608906023    1.538920159
    2.345454910    8.312600390    7.744810803    1.541071390
    2.365492986    8.400257130    7.895021420    1.541949768
    2.385531062    8.494995709    8.057778012    1.541753940
    2.405569138    8.596229616    8.230698796    1.540364867
    2.425607214    8.702496707    8.411220229    1.537418383
    2.445645291    8.811661636    8.596776333    1.532480921
    2.465683367    8.921187579    8.784669080    1.525243478
    2.485721443    9.028502106    8.971814898    1.515674024
    2.505759519    9.131498578    9.154661956    1.504091145
    2.525797595    9.229036987    9.329445303    1.491131284
    2.545835671    9.321149909    9.492611579    1.477619250
    2.565873747    9.408749466    9.641113712    1.464396469
    2.585911824    9.492940946    9.772560770    1.452168779
    2.605949900    9.574324758    9.885450093    1.441415862
    2.625987976    9.652648021    9.979528392    1.432378311
    2.646026052    9.726903348   10.055973673    1.425109690
    2.666064128    9.795724523   10.117021575    1.419553395
    2.686102204    9.857809244   10.165064926    1.415592498
    2.706140281    9.912125609   10.201740310    1.413049312
    2.726178357    9.957793141   10.227483673    1.411666464
    2.746216433    9.993675782   10.241537634    1.411121934
    2.766254509   10.017879540   10.242043353    1.411091221
    2.786292585   10.027479061   10.226026303    1.411328330
    2.806330661   10.018730574   10.189533397    1.411738271
    2.826368737    9.987755986   10.128290932    1.412418972
    2.846406814    9.931469856   10.038800452    1.413640107
    2.866444890    9.848470426    9.919312516    1.415757576
    2.886482966    9.739598949    9.770189683    1.419128842
    2.906521042    9.607917444    9.593666207    1.424088842
    2.926559118    9.458086940    9.393418044    1.430965611
    2.946597194    9.295438014    9.174322853    1.440079701
    2.966635271    9.125144227    8.942389150    1.451711914
    2.986673347    8.951755438    8.704517198    1.466065892
    3.006711423    8.779106596    8.467860138    1.483252673
    3.026749499    8.610454434    8.238932283    1.503291391
    3.046787575    8.448652509    8.022882464    1.526091458
    3.066825651    8.296245234    7.823274772    1.551406781
    3.086863727    8.155453689    7.642373210    1.578816249
    3.106901804    8.028052111    7.481647944    1.607790971
    3.126939880    7.915123395    7.342212763    1.637829605
    3.146977956    7.816717563    7.225044973    1.668580869
    3.167016032    7.731574133    7.130987754    1.699898299
    3.187054108    7.657191483    7.060641321    1.731828250
    3.207092184    7.590372133    7.014227550    1.764545530
    3.227130261    7.527978413    6.991391465    1.798243923
    3.247168337    7.467447883    6.990868323    1.833010075
    3.267206413    7.406908224    7.010075478    1.868742299
    3.287244489    7.345165466    7.044856657    1.905175300
    3.307282565    7.281880569    7.089601959    1.942017917
    3.327320641    7.217836068    7.137779759    1.979117027
    3.347358717    7.154863412    7.182795196    2.016503073
    3.367396794    7.095250645    7.219084595    2.054258998
    3.387434870    7.041001890    7.243204751    2.092339398
    3.407472946    6.993437416    7.254401761    2.130530190
    3.427511022    6.953206185    7.254214896    2.168592559
    3.447549098    6.920424523    7.245254344    2.206451062
    3.467587174    6.894691788    7.229872565    2.244264838
    3.487625251    6.874958551    7.209425917    2.282365819
    3.507663327    6.859387695    7.184243222    2.321170281
    3.527701403    6.845411074    7.153938061    2.361141100
    3.547739479    6.830110032    7.117762270    2.402784403
    3.567777555    6.810814576    7.075007695    2.446626374
    3.587815631    6.785642356    7.025498141    2.493140101
    3.607853707    6.753799744    6.969973124    2.542646959
    3.627891784    6.715632603    6.910078645    2.595258913
    3.647929860    6.672399072    6.847926512    2.650902042
    3.667967936    6.625744011    6.785488574    2.709386116
    3.688006012    6.577071645    6.724171007    2.770456454
    3.708044088    6.527177337    6.664757655    2.833821369
    3.728082164    6.476325288    6.607640129    2.899197328
    3.748120240    6.424612450    6.553052101    2.966353700
    3.768158317    6.372313453    6.501093736    3.035041035
    3.788196393    6.320024544    6.451601637    3.104729654
    3.808234469    6.268587384    6.404067207    3.174285809
    3.828272545    6.218864091    6.357702503    3.241867949
    3.848310621    6.171502739    6.311618560    3.305249459
    3.868348697    6.126840809    6.265071641    3.362482896
    3.888386774    6.084982800    6.217709356    3.412528043
    3.908424850    6.045950217    6.169681507    3.455442293
    3.928462926    6.009773422    6.121543243    3.492054000
    3.948501002    5.976480484    6.074027825    3.523439368
    3.968539078    5.946056961    6.027837087    3.550612919
    3.988577154    5.918481204    5.983567368    3.574562282
    4.008615230    5.893808609    5.941762220    3.596434422
    4.028653307    5.872158038    5.902945279    3.617611204
    4.048691383    5.853547314    5.867519287    3.639576288
    4.068729459    5.837710032    5.835587608    3.663648991
    4.088767535    5.824050936    5.806841912    3.690724661
    4.108805611    5.811754414    5.780612129    3.721148596
    4.128843687    5.799942092    5.756080087    3.754783485
    4.148881764    5.787788692    5.732544993    3.791223329
    4.168919840    5.774588508    5.709563144    3.830021221
    4.188957916    5.759811672    5.686871314    3.870787752
    4.208995992    5.743173601    5.664176581    3.913106616
    4.229034068    5.724710626    5.640978293    3.956382294
    4.249072144    5.704831585    5.616532780    3.999838169
    4.269110220    5.684283406    5.589970020    4.042764974
    4.289148297    5.663965511    5.560490124    4.084862500
    4.309186373    5.644610439    5.527518722    4.126400396
    4.329224449    5.626459935    5.490742387    4.168071775
    4.349262525    5.609120293    5.450089563    4.210665407
    4.369300601    5.591742716    5.405793417    4.254793516
    4.389338677    5.573481261    5.358541282    4.300801350
    4.409376754    5.553924051    5.309536046    4.348813149
    4.429414830    5.533184675    5.260298257    4.398825569
    4.449452906    5.511655447    5.212248574    4.450815571
    4.469490982    5.489706734    5.166321133    4.504847410
    4.489529058    5.467566031    5.122836556    4.561139442
    4.509567134    5.445363314    5.081643010    4.620074693
    4.529605210    5.423195802    5.042366488    4.682190524
    4.549643287    5.401118889    5.004608747    4.748175979
    4.569681363    5.379068513    4.968017066    4.818861154
    4.589719439    5.356767002    4.932262018    4.895170321
    4.609757515    5.333683025    4.897035002    4.978007390
    4.629795591    5.309123859    4.862120789    5.068032860
    4.649833667    5.282475535    4.827468144    5.165352745
    4.669871743    5.253468818    4.793173728    5.269257651
    4.689909820    5.222281045    4.759423238    5.378179625
    4.709947896    5.189394471    4.726479561    5.489953179
    4.729985972    5.155314380    4.694711320    5.602356876
    4.750024048    5.120334905    4.664601928    5.713759775
    4.770062124    5.084494239    4.636733708    5.823547286
    4.790100200    5.047739404    4.611774538    5.932062432
    4.810138277    5.010183065    4.590441290    6.040092385
    4.830176353    4.972264172    4.573364112    6.148177273
    4.850214429    4.934695216    4.560854914    6.256056386
    4.870252505    4.898236476    4.552734142    6.362474664
    4.890290581    4.863435246    4.548367528    6.465420355
    4.910328657    4.830469807    4.546884355    6.562678723
    4.930366733    4.799187532    4.547406838    6.652461167
    4.950404810    4.769305550    4.549135173    6.733888816
    4.970442886    4.740612130    4.551255232    6.807200970
    4.990480962    4.713031600    4.552777362    6.873634964
    5.010519038    4.686559759    4.552469094    6.935010173
    5.030557114    4.661160424    4.548961795    6.993150450
    5.050595190    4.636705112    4.540984346    7.049356768
    5.070633267    4.612986404    4.527621558    7.104141359
    5.090671343    4.589766339    4.508496991    7.157310660
    5.110709419    4.566793733    4.483801434    7.208286954
    5.130747495    4.543766452    4.454171112    7.256430040
    5.150785571    4.520258016    4.420509252    7.301163020
    5.170823647    4.495639347    4.383812529    7.341881712
    5.190861723    4.469055258    4.344996845    7.377773733
    5.210899800    4.439554182    4.304771046    7.407679549
    5.230937876    4.406408769    4.263663730    7.430064384
    5.250975952    4.369483158    4.222195730    7.443129649
    5.271014028    4.329397374    4.181038888    7.445060995
    5.291052104    4.287384989    4.141032345    7.434370341
    5.311090180    4.244992900    4.103085125    7.410263767
    5.331128257    4.203839675    4.068061233    7.372940081
    5.351166333    4.165491189    4.036688745    7.323661068
    5.371204409    4.131352999    4.009488073    7.264446635
    5.391242485    4.102487481    3.986728102    7.197469330
    5.411280561    4.079383891    3.968432587    7.124477336
    5.431318637    4.061793532    3.954426928    7.046581042
    5.451356713    4.048735593    3.944382400    6.964495936
    5.471394790    4.038708828    3.937839430    6.879032065
    5.491432866    4.030043781    3.934244326    6.791447072
    5.511470942    4.021258749    3.933042006    6.703391740
    5.531509018    4.011302527    3.933804312    6.616500983
    5.551547094    3.999654481    3.936302693    6.531903449
    5.571585170    3.986309041    3.940442942    6.449895707
    5.591623246    3.971664283    3.946075670    6.369898812
    5.611661323    3.956339057    3.952798580    6.290696729
    5.631699399    3.940991254    3.959878328    6.210849920
    5.651737475    3.926223039    3.966337824    6.129129784
    5.671775551    3.912587858    3.971171305    6.044861566
    5.691813627    3.900619278    3.973604024    5.958125740
    5.711851703    3.890779764    3.973284289    5.869780667
    5.731889780    3.883309067    3.970312578    5.781267515
    5.751927856    3.878063024    3.965092624    5.694216198
    5.771965932    3.874469703    3.958076723    5.609966089
    5.792004008    3.871664608    3.949525556    5.529181889
    5.812042084    3.868748292    3.939392823    5.451746163
    5.832080160    3.865014220    3.927371873    5.376992357
    5.852118236    3.860012498    3.913042880    5.304132302
    5.872156313    3.853458190    3.896003281    5.232610626
    5.892194389    3.845114758    3.875909024    5.162206174
    5.912232465    3.834755604    3.852472617    5.092896128
    5.932270541    3.822194651    3.825515575    5.024630172
    5.952308617    3.807310957    3.795079853    4.957169098
    5.972346693    3.790021558    3.761494071    4.890080373
    5.992384770    3.770223209    3.725298101    4.822906094
    6.012422846    3.747738999    3.687024816    4.755417076
    6.032460922    3.722291707    3.646962081    4.687784656
    6.052498998    3.693530109    3.605087462    4.620536652
    6.072537074    3.661106288    3.561247108    4.554303395
    6.092575150    3.624747710    3.515413110    4.489497274
    6.112613226    3.584287585    3.467789166    4.426113499
    6.132651303    3.539687509    3.418724663    4.363759784
    6.152689379    3.491082660    3.368596486    4.301879859
    6.172727455    3.438814179    3.317802343    4.240040342
    6.192765531    3.383402015    3.266839225    4.178157534
    6.212803607    3.325465919    3.216327878    4.116607001
    6.232841683    3.265639744    3.166899642    4.056195527
    6.252879760    3.204504179    3.119004933    3.997980287
    6.272917836    3.142532777    3.072768371    3.942982584
    6.292955912    3.080062738    3.027956355    3.891933215
    6.312993988    3.017323883    2.984042210    3.845163995
    6.333032064    2.954515828    2.940334753    3.802630990
    6.353070140    2.891864303    2.896146532    3.763978746
    6.373108216    2.829603365    2.850961677    3.728611763
    6.393146293    2.767909639    2.804538856    3.695819901
    6.413184369    2.706874848    2.756908699    3.664969028
    6.433222445    2.646579294    2.708294407    3.635662315
    6.453260521    2.587236599    2.659026362    3.607758563
    6.473298597    2.529303660    2.609491939    3.581240343
    6.493336673    2.473465185    2.560115333    3.556049618
    6.513374749    2.420495621    2.511356266    3.532027490
    6.533412826    2.371080370    2.463717930    3.508992964
    6.553450902    2.325679302    2.417735773    3.486879999
    6.573488978    2.284467607    2.373922967    3.465811923
    6.593527054    2.247350455    2.332696302    3.446043512
    6.613565130    2.214031552    2.294334021    3.427817981
    6.633603206    2.184109810    2.258979001    3.411260578
    6.653641283    2.157183073    2.226655290    3.396372007
    6.673679359    2.132943118    2.197276606    3.383078387
    6.693717435    2.111235935    2.170663274    3.371266872
    6.713755511    2.092058318    2.146590188    3.360786137
    6.733793587    2.075495279    2.124853432    3.351441139
    6.753831663    2.061641378    2.105310933    3.343012038
    6.773869739    2.050544638    2.087868195    3.335296000
    6.793907816    2.042176777    2.072428715    3.328143679
    6.813945892    2.036411022    2.058855504    3.321452123
    6.833983968    2.032998614    2.046974566    3.315104853
    6.854022044    2.031564180    2.036617102    3.308907982
    6.874060120    2.031646671    2.027671142    3.302584156
    6.894098196    2.032775919    2.020107550    3.295831580
    6.914136273    2.034540868    2.013961649    3.288396725
    6.934174349    2.036618634    2.009283180    3.280098898
    6.954212425    2.038777045    2.006091598    3.270792771
    6.974250501    2.040888361    2.004366124    3.260322917
    6.994288577    2.042961422    2.004064064    3.248536583
    7.014326653    2.045151101    2.005136859    3.235352878
    7.034364729    2.047717274    2.007529774    3.220816126
    7.054402806    2.050959741    2.011177483    3.205072931
    7.074440882    2.055165166    2.016001182    3.188291280
    7.094478958    2.060569618    2.021888570    3.170602447
    7.114517034    2.067322068    2.028641851    3.152124610
    7.134555110    2.075439454    2.035912621    3.133040449
    7.154593186    2.084752320    2.043165465    3.113649272
    7.174631263    2.094846069    2.049703927    3.094350871
    7.194669339    2.105017614    2.054762230    3.075581665
    7.214707415    2.114291676    2.057630077    3.057735095
    7.234745491    2.121540299    2.057766057    3.041084961
    7.254783567    2.125695275    2.054882641    3.025749042
    7.274821643    2.125979383    2.049008981    3.011735183
    7.294859719    2.122069379    2.040515360    2.999050362
    7.314897796    2.114133889    2.030057058    2.987787250
    7.334935872    2.102730676    2.018421171    2.978120019
    7.354973948    2.088601581    2.006316900    2.970227954
    7.375012024    2.072452840    1.994182848    2.964227017
    7.395050100    2.054808305    1.982078978    2.960169474
    7.415088176    2.035969427    1.969701793    2.958101465
    7.435126253    2.016052613    1.956514388    2.958114316
    7.455164329    1.995055174    1.941932948    2.960334117
    7.475202405    1.972928484    1.925491717    2.964857416
    7.495240481    1.949650941    1.906930287    2.971686647
    7.515278557    1.925272333    1.886190429    2.980698295
    7.535316633    1.899898092    1.863354417    2.991643492
    7.555354709    1.873632800    1.838582608    3.004193052
    7.575392786    1.846558657    1.812093181    3.018044462
    7.595430862    1.818794304    1.784180982    3.033052454
    7.615468938    1.790576156    1.755238875    3.049300147
    7.635507014    1.762269585    1.725747765    3.067068792
    7.655545090    1.734301757    1.696228665    3.086729173
    7.675583166    1.707085136    1.667177656    3.108595734
    7.695621242    1.680978942    1.639017073    3.132792009
    7.715659319    1.656279280    1.612089386    3.159188264
    7.735697395    1.633213566    1.586690377    3.187431774
    7.755735471    1.611932009    1.563103059    3.217020719
    7.775773547    1.592508129    1.541597491    3.247366285
    7.795811623    1.574961960    1.522403330    3.277833567
    7.815849699    1.559292380    1.505679997    3.307774016
    7.835887776    1.545482759    1.491487893    3.336558656
    7.855925852    1.533467651    1.479754958    3.363628854
    7.875963928    1.523092132    1.470252552    3.388576709
    7.896002004    1.514103927    1.462603454    3.411212380
    7.916040080    1.506189354    1.456324205    3.431525073
    7.936078156    1.499038498    1.450882125    3.449493441
    7.956116232    1.492419082    1.445753742    3.464840643
    7.976154309    1.486235535    1.440494304    3.476921149
    7.996192385    1.480543600    1.434820951    3.484839545
    8.016230461    1.475500580    1.428670084    3.487702055
    8.036268537    1.471268190    1.422178623    3.484811383
    8.056306613    1.467919129    1.415590416    3.475730559
    8.076344689    1.465390270    1.409143316    3.460299335
    8.096382766    1.463489130    1.402994084    3.438678872
    8.116420842    1.461942266    1.397199320    3.411364427
    8.136458918    1.460473256    1.391735269    3.379069482
    8.156496994    1.458885161    1.386535199    3.342516411
    8.176535070    1.457110276    1.381534011    3.302289533
    8.196573146    1.455208133    1.376709783    3.258869537
    8.216611222    1.453325015    1.372108380    3.212813664
    8.236649299    1.451642214    1.367845722    3.164906613
    8.256687375    1.450335202    1.364093970    3.116122880
    8.276725451    1.449555476    1.361060734    3.067427601
    8.296763527    1.449437822    1.358968801    3.019597867
    8.316801603    1.450122130    1.358040815    2.973192018
    8.336839679    1.451761118    1.358486368    2.928627031
    8.356877756    1.454490653    1.360482367    2.886250784
    8.376915832    1.458375561    1.364141900    2.846355140
    8.396953908    1.463370184    1.369481789    2.809151191
    8.416991984    1.469320449    1.376408565    2.774745258
    8.437030060    1.476008058    1.384737050    2.743137708
    8.457068136    1.483224116    1.394239511    2.714247483
    8.477106212    1.490848514    1.404704418    2.687948466
    8.497144289    1.498892068    1.415974658    2.664097842
    8.517182365    1.507463279    1.427947116    2.642549222
    8.537220441    1.516683500    1.440544476    2.623164367
    8.557258517    1.526628502    1.453689705    2.605841516
    8.577296593    1.537333210    1.467302597    2.590551075
    8.597334669    1.548813719    1.481307374    2.577341273
    8.617372745    1.561053751    1.495630081    2.566293703
    8.637410822    1.573964292    1.510186611    2.557458691
    8.657448898    1.587356594    1.524877953    2.550817316
    8.677486974    1.600943408    1.539596966    2.546283620
    8.697525050    1.614358670    1.554235474    2.543729854
    8.717563126    1.627194350    1.568681443    2.543012044
    8.737601202    1.639064299    1.582806883    2.543973800
    8.757639279    1.649687163    1.596455695    2.546419872
    8.777677355    1.658950341    1.609445533    2.550087294
    8.797715431    1.666911327    1.621596744    2.554664436
    8.817753507    1.673723028    1.632782625    2.559874439
    8.837791583    1.679523474    1.642972949    2.565571765
    8.857829659    1.684371381    1.652252104    2.571776220
    8.877867735    1.688283808    1.660819346    2.578623629
    8.897905812    1.691345390    1.668978441    2.586291785
    8.917943888    1.693796553    1.677105528    2.594976734
    8.937981964    1.696029217    1.685588656    2.604930700
    8.958020040    1.698492433    1.694756711    2.616510948
    8.978058116    1.701571316    1.704821229    2.630196972
    8.998096192    1.705506845    1.715837594    2.646574857
    9.018134269    1.710383237    1.727686835    2.666299652
    9.038172345    1.716163396    1.740090182    2.690032219
    9.058210421    1.722730361    1.752661931    2.718339687
    9.078248497    1.729910471    1.764981668    2.751564282
    9.098286573    1.737488198    1.776656820    2.789700934
    9.118324649    1.745224876    1.787361168    2.832344019
    9.138362725    1.752879956    1.796858914    2.878730138
    9.158400802    1.760242129    1.805027217    2.927847812
    9.178438878    1.767174238    1.811864632    2.978560055
    9.198476954    1.773641443    1.817463761    3.029695078
    9.218515030    1.779692333    1.821961604    3.080089593
    9.238553106    1.785415779    1.825506812    3.128606654
    9.258591182    1.790922061    1.828258375    3.174162516
    9.278629259    1.796356873    1.830398365    3.215771280
    9.298667335    1.801907821    1.832139548    3.252598867
    9.318705411    1.807762679    1.833717592    3.284033715
    9.338743487    1.814030194    1.835367987    3.309775930
    9.358781563    1.820684738    1.837299455    3.329899740
    9.378819639    1.827583074    1.839670365    3.344821341
    9.398857715    1.834540552    1.842561470    3.355145430
    9.418895792    1.841416927    1.845951324    3.361438441
    9.438933868    1.848169226    1.849729782    3.364032752
    9.458971944    1.854849233    1.853772643    3.362966910
    9.479010020    1.861547018    1.858036204    3.358104680
    9.499048096    1.868310695    1.862594098    3.349377508
    9.519086172    1.875085781    1.867584769    3.337016653
    9.539124248    1.881707035    1.873111716    3.321632305
    9.559162325    1.887952094    1.879165591    3.304076677
    9.579200401    1.893632909    1.885609291    3.285157049
    9.599238477    1.898675728    1.892220698    3.265355054
    9.619276553    1.903149929    1.898758713    3.244716279
    9.639314629    1.907235356    1.905020206    3.222988888
    9.659352705    1.911142697    1.910874342    3.199928327
    9.679390782    1.915025928    1.916273055    3.175570487
    9.699428858    1.918936574    1.921240522    3.150311024
    9.719466934    1.922844729    1.925855568    3.124765161
    9.739505010    1.926709425    1.930247022    3.099517660
    9.759543086    1.930552121    1.934598315    3.074924969
    9.779581162    1.934489613    1.939133379    3.051076229
    9.799619238    1.938718489    1.944077515    3.027913948
    9.819657315    1.943478343    1.949622110    3.005420866
    9.839695391    1.949014866    1.955911400    2.983738171
    9.859733467    1.955536512    1.963036121    2.963133891
    9.879771543    1.963161295    1.971019307    2.943859371
    9.899809619    1.971875461    1.979805915    2.926009916
    9.919847695    1.981525131    1.989274234    2.909488359
    9.939885772    1.991841823    1.999267583    2.894091299
    9.959923848    2.002495827    2.009633061    2.879652807
    9.979961924    2.013168648    2.020259483    2.866141003
   10.000000000    2.023625555    2.031103523    2.853645075
