# energy grid [eV]     epsi_x  epsi_y  epsi_z
#
    0.001000000    8.765592561    0.714097903    0.000076711
    0.021038076    6.570647384    1.334572282    0.001301841
    0.041076152    5.560378737    1.140395860    0.002308165
    0.061114228    5.119235725    0.960155799    0.003190327
    0.081152305    4.875464926    0.811731978    0.003979764
    0.101190381    4.742287832    0.691815389    0.004707434
    0.121228457    4.687739280    0.595045488    0.005399099
    0.141266533    4.685217845    0.516636482    0.006073100
    0.161304609    4.701616762    0.452944395    0.006741998
    0.181342685    4.697115393    0.401308067    0.007414608
    0.201380762    4.632837268    0.359677380    0.008096951
    0.221418838    4.482443596    0.326320706    0.008792634
    0.241456914    4.240146941    0.299716917    0.009503345
    0.261494990    3.920409205    0.278581766    0.010229513
    0.281533066    3.550973336    0.261921973    0.010970943
    0.301571142    3.163651664    0.249035321    0.011727244
    0.321609218    2.786380473    0.239441530    0.012498062
    0.341647295    2.438620881    0.232787877    0.013283189
    0.361685371    2.130588141    0.228779963    0.014082601
    0.381723447    1.865121555    0.227153094    0.014896482
    0.401761523    1.640404282    0.227670502    0.015725231
    0.421799599    1.452306174    0.230130307    0.016569463
    0.441837675    1.295945365    0.234371412    0.017430023
    0.461875752    1.166553507    0.240275906    0.018307987
    0.481913828    1.059872118    0.247768840    0.019204673
    0.501951904    0.972281261    0.256816870    0.020121670
    0.521989980    0.900794747    0.267426895    0.021060859
    0.542028056    0.842999128    0.279645443    0.022024454
    0.562066132    0.796976675    0.293559335    0.023015058
    0.582104208    0.761231258    0.309297937    0.024035722
    0.602142285    0.734624579    0.327036946    0.025090032
    0.622180361    0.716324197    0.347002789    0.026182204
    0.642218437    0.705761506    0.369475887    0.027317200
    0.662256513    0.702596053    0.394790518    0.028500856
    0.682294589    0.706681530    0.423329154    0.029740025
    0.702332665    0.718028765    0.455510611    0.031042720
    0.722370741    0.736763196    0.491775214    0.032418260
    0.742408818    0.763078798    0.532575522    0.033877395
    0.762446894    0.797192275    0.578381369    0.035432363
    0.782484970    0.839289889    0.629693141    0.037096745
    0.802523046    0.889432134    0.687028005    0.038884911
    0.822561122    0.947367187    0.750824952    0.040810831
    0.842599198    1.012250201    0.821241565    0.042886263
    0.862637275    1.082380491    0.897897087    0.045118811
    0.882675351    1.155173187    0.979708443    0.047510794
    0.902713427    1.227534850    1.064979337    0.050059637
    0.922751503    1.296560037    1.151760581    0.052759370
    0.942789579    1.360206521    1.238266245    0.055601840
    0.962827655    1.417604661    1.323039411    0.058576517
    0.982865731    1.468884015    1.404766739    0.061669148
    1.002903808    1.514659693    1.481989749    0.064860865
    1.022941884    1.555492488    1.553104666    0.068129850
    1.042979960    1.591628259    1.616768237    0.071455812
    1.063018036    1.623109723    1.672370408    0.074824634
    1.083056112    1.650094281    1.720130684    0.078229649
    1.103094188    1.673115814    1.760759172    0.081667843
    1.123132265    1.693134428    1.795018217    0.085132277
    1.143170341    1.711374315    1.823517257    0.088604810
    1.163208417    1.729026302    1.846779209    0.092054287
    1.183246493    1.746903909    1.865378673    0.095442334
    1.203284569    1.765156958    1.879957379    0.098733153
    1.223322645    1.783162909    1.891094791    0.101901628
    1.243360721    1.799674075    1.899171503    0.104937888
    1.263398798    1.813190444    1.904387637    0.107849930
    1.283436874    1.822429181    1.906973483    0.110663856
    1.303474950    1.826741981    1.907440958    0.113418004
    1.323513026    1.826368275    1.906642095    0.116149910
    1.343551102    1.822459699    1.905563240    0.118882387
    1.363589178    1.816875833    1.905064291    0.121617846
    1.383627255    1.811836953    1.905832917    0.124344691
    1.403665331    1.809577843    1.908577469    0.127052205
    1.423703407    1.812114237    1.914243525    0.129746241
    1.443741483    1.821123075    1.924054061    0.132457644
    1.463779559    1.837877006    1.939344447    0.135239255
    1.483817635    1.863222263    1.961309850    0.138154261
    1.503855711    1.897629979    1.990822931    0.141262208
    1.523893788    1.941308843    2.028416773    0.144605743
    1.543931864    1.994323269    2.074429094    0.148197666
    1.563969940    2.056686233    2.129233436    0.152010795
    1.584008016    2.128464606    2.193458988    0.155977185
    1.604046092    2.209957947    2.268111330    0.160000033
    1.624084168    2.301912315    2.354543956    0.163971222
    1.644122244    2.405596121    2.454294577    0.167781247
    1.664160321    2.522595719    2.568857210    0.171317588
    1.684198397    2.654383733    2.699454023    0.174466465
    1.704236473    2.801827089    2.846790872    0.177136029
    1.724274549    2.964713048    3.010693461    0.179296227
    1.744312625    3.141261849    3.189550633    0.181006829
    1.764350701    3.327715180    3.379744164    0.182408270
    1.784388778    3.518378511    3.575566719    0.183675871
    1.804426854    3.706488455    3.770055927    0.184962707
    1.824464930    3.885719820    3.956517042    0.186363174
    1.844503006    4.051553693    4.129857564    0.187915262
    1.864541082    4.201806997    4.286979656    0.189632721
    1.884579158    4.336373093    4.426377299    0.191536310
    1.904617234    4.456778990    4.547785569    0.193655884
    1.924655311    4.565723334    4.652227050    0.196003321
    1.944693387    4.666113058    4.741876726    0.198544462
    1.964731463    4.759689594    4.819433902    0.201199760
    1.984769539    4.846421276    4.887629748    0.203877772
    2.004807615    4.925473117    4.949376380    0.206516543
    2.024845691    4.996893137    5.008048656    0.209103020
    2.044883768    5.062418342    5.067182634    0.211663294
    2.064921844    5.124852148    5.129699383    0.214239888
    2.084959920    5.186802233    5.197235983    0.216874468
    2.104997996    5.249879681    5.269935521    0.219600823
    2.125036072    5.314846911    5.346841524    0.222442363
    2.145074148    5.382423777    5.426863882    0.225409586
    2.165112224    5.454042435    5.509829084    0.228498870
    2.185150301    5.531956942    5.596886669    0.231693841
    2.205188377    5.618725118    5.690066361    0.234967821
    2.225226453    5.716661226    5.791588516    0.238288162
    2.245264529    5.827752737    5.903632072    0.241625798
    2.265302605    5.953874916    6.028554250    0.244968593
    2.285340681    6.096804003    6.169010456    0.248330744
    2.305378758    6.257920453    6.327659091    0.251752609
    2.325416834    6.437928474    6.506622093    0.255294728
    2.345454910    6.636880723    6.707041160    0.259033861
    2.365492986    6.854567534    6.928983933    0.263061557
    2.385531062    7.091115299    7.171742973    0.267477478
    2.405569138    7.347455747    7.434359516    0.272372836
    2.425607214    7.625335888    7.716139556    0.277809432
    2.445645291    7.926804867    8.016935333    0.283804687
    2.465683367    8.253437569    8.337020940    0.290331843
    2.485721443    8.605610643    8.676601190    0.297340566
    2.505759519    8.981939650    9.035194869    0.304792825
    2.525797595    9.378886618    9.411080573    0.312694604
    2.545835671    9.790669731    9.800856248    0.321102940
    2.565873747   10.209674340   10.199258232    0.330106484
    2.585911824   10.627395283   10.599503583    0.339794992
    2.605949900   11.035668186   10.994180349    0.350233291
    2.625987976   11.427763259   11.376341765    0.361447507
    2.646026052   11.798912458   11.740444636    0.373426235
    2.666064128   12.146109745   12.083025784    0.386136335
    2.686102204   12.467451453   12.403041341    0.399547424
    2.706140281   12.761401248   12.701539741    0.413651875
    2.726178357   13.026015843   12.980273973    0.428468085
    2.746216433   13.257960052   13.239283109    0.444028089
    2.766254509   13.451520539   13.474175274    0.460365161
    2.786292585   13.598324672   13.674368734    0.477520543
    2.806330661   13.688356896   13.823493833    0.495575941
    2.826368737   13.712068951   13.902359802    0.514694365
    2.846406814   13.662634163   13.893690084    0.535136772
    2.866444890   13.537428763   13.786938526    0.557235301
    2.886482966   13.338434729   13.581393233    0.581335671
    2.906521042   13.071792626   13.286551662    0.607739408
    2.926559118   12.746954822   12.919994966    0.636663296
    2.946597194   12.375817376   12.503828355    0.668212349
    2.966635271   11.971903046   12.060826725    0.702370479
    2.986673347   11.549412150   11.611174210    0.739034481
    3.006711423   11.122022983   11.170422835    0.778092043
    3.026749499   10.701615112   10.748884370    0.819479490
    3.046787575   10.297314067   10.352152618    0.863149644
    3.066825651    9.915212741    9.982189927    0.908966449
    3.086863727    9.558805959    9.638559555    0.956613342
    3.106901804    9.229806744    9.319672750    1.005580483
    3.126939880    8.928906948    9.023980183    1.055237633
    3.146977956    8.656273459    8.750859347    1.104966143
    3.167016032    8.411832610    8.500855188    1.154305666
    3.187054108    8.195362176    8.275137705    1.203061374
    3.207092184    8.006276857    8.074469811    1.251327866
    3.227130261    7.843158740    7.898324380    1.299415691
    3.247168337    7.703400402    7.744684066    1.347708664
    3.267206413    7.583352395    7.610527583    1.396516614
    3.287244489    7.479034635    7.492564469    1.445992578
    3.307282565    7.387097194    7.387803348    1.496147654
    3.327320641    7.305598440    7.293856093    1.546937831
    3.347358717    7.234324761    7.209116808    1.598356456
    3.367396794    7.174582334    7.132946557    1.650473226
    3.387434870    7.128502002    7.065803845    1.703401712
    3.407472946    7.097991024    7.009073707    1.757226922
    3.427511022    7.083596255    6.964379014    1.811950907
    3.447549098    7.083666585    6.932503321    1.867493257
    3.467587174    7.094277011    6.912515752    1.923731675
    3.487625251    7.110219249    6.901777799    1.980518271
    3.507663327    7.126742982    6.896945401    2.037596942
    3.527701403    7.141022443    6.895261011    2.094416905
    3.547739479    7.152433383    6.895206094    2.149955288
    3.567777555    7.161727443    6.896269310    2.202710732
    3.587815631    7.169958545    6.898404295    2.250944101
    3.607853707    7.177830436    6.901786401    2.293085117
    3.627891784    7.185498626    6.906861194    2.328107619
    3.647929860    7.192531430    6.914269867    2.355684421
    3.667967936    7.197870471    6.924455044    2.376081661
    3.688006012    7.199881371    6.937181386    2.389923550
    3.708044088    7.196604427    6.951303559    2.397984887
    3.728082164    7.186127221    6.964876297    2.401071354
    3.748120240    7.166925209    6.975491475    2.399979819
    3.768158317    7.138154213    6.980718535    2.395514388
    3.788196393    7.099939190    6.978583596    2.388502107
    3.808234469    7.053556554    6.968026254    2.379741574
    3.828272545    7.001300796    6.949243156    2.369881331
    3.848310621    6.945990602    6.923787072    2.359310684
    3.868348697    6.890405849    6.894289062    2.348167261
    3.888386774    6.837035963    6.863812724    2.336487308
    3.908424850    6.788173543    6.835091598    2.324398893
    3.928462926    6.746009175    6.810011608    2.312217700
    3.948501002    6.712391378    6.789526231    2.300406760
    3.968539078    6.688266843    6.773888787    2.289478630
    3.988577154    6.673199603    6.762947122    2.279927805
    4.008615230    6.665417654    6.756326351    2.272220178
    4.028653307    6.662431846    6.753449569    2.266822054
    4.048691383    6.661805020    6.753426698    2.264237098
    4.068729459    6.661606022    6.754909650    2.265013414
    4.088767535    6.660437952    6.756047736    2.269693937
    4.108805611    6.657260690    6.754638212    2.278724734
    4.128843687    6.651261080    6.748467158    2.292376923
    4.148881764    6.641840105    6.735723571    2.310736082
    4.168919840    6.628651139    6.715331551    2.333767862
    4.188957916    6.611646364    6.687121815    2.361422894
    4.208995992    6.591102512    6.651831914    2.393735544
    4.229034068    6.567536788    6.610920264    2.430885961
    4.249072144    6.541466276    6.566224573    2.473204418
    4.269110220    6.513143214    6.519597285    2.521111683
    4.289148297    6.482490841    6.472663594    2.575020142
    4.309186373    6.449308335    6.426737014    2.635242289
    4.329224449    6.413563317    6.382801953    2.701950672
    4.349262525    6.375545772    6.341472821    2.775213655
    4.369300601    6.335835886    6.302957852    2.855088155
    4.389338677    6.295191491    6.267106681    2.941694762
    4.409376754    6.254453424    6.233539713    3.035191938
    4.429414830    6.214471224    6.201788421    3.135632964
    4.449452906    6.176000358    6.171395985    3.242767733
    4.469490982    6.139586526    6.141974122    3.355881129
    4.489529058    6.105531007    6.113252900    3.473757838
    4.509567134    6.073966365    6.085166934    3.594842154
    4.529605210    6.044933497    6.057924052    3.717581357
    4.549643287    6.018354510    6.031913835    3.840808619
    4.569681363    5.993948671    6.007438537    3.963954294
    4.589719439    5.971217624    5.984453815    4.086979407
    4.609757515    5.949530381    5.962495777    4.210126338
    4.629795591    5.928228210    5.940802518    4.333679888
    4.649833667    5.906672704    5.918541369    4.457845985
    4.669871743    5.884236983    5.895045948    4.582720966
    4.689909820    5.860313860    5.869977083    4.708303258
    4.709947896    5.834415303    5.843357470    4.834557593
    4.729985972    5.806344218    5.815500736    4.961544509
    4.750024048    5.776320316    5.786900349    5.089559808
    4.770062124    5.744938171    5.758117690    5.219186175
    4.790100200    5.712930824    5.729654683    5.351201606
    4.810138277    5.680845122    5.701795574    5.486385156
    4.830176353    5.648826593    5.674480693    5.625333480
    4.850214429    5.616664358    5.647348996    5.768383872
    4.870252505    5.584067384    5.620013505    5.915645973
    4.890290581    5.550994384    5.592420044    6.067071945
    4.910328657    5.517848153    5.565018534    6.222489648
    4.930366733    5.485428450    5.538609019    6.381558727
    4.950404810    5.454662813    5.513972665    6.543672724
    4.970442886    5.426265558    5.491533347    6.707901378
    4.990480962    5.400514123    5.471241288    6.873078282
    5.010519038    5.377221103    5.452681686    7.038056081
    5.030557114    5.355823706    5.435233739    7.202031679
    5.050595190    5.335470369    5.418108835    7.364779509
    5.070633267    5.315071922    5.400267611    7.526665319
    5.090671343    5.293352620    5.380341757    7.688409720
    5.110709419    5.268913534    5.356665072    7.850692291
    5.130747495    5.240322640    5.327463792    8.013799283
    5.150785571    5.206284700    5.291210747    8.177508989
    5.170823647    5.165884551    5.247028963    8.341224299
    5.190861723    5.118796584    5.194928297    8.504167151
    5.210899800    5.065366703    5.135740278    8.665457134
    5.230937876    5.006550729    5.070810388    8.824080813
    5.250975952    4.943732597    5.001631804    8.978886175
    5.271014028    4.878463186    4.929587538    9.128656674
    5.291052104    4.812193293    4.855856029    9.272121231
    5.311090180    4.746107449    4.781439476    9.407682875
    5.331128257    4.681122488    4.707246913    9.532878862
    5.351166333    4.617983017    4.634160908    9.643975316
    5.371204409    4.557319584    4.563039157    9.736196846
    5.391242485    4.499625196    4.494681118    9.804673507
    5.411280561    4.445214364    4.429825969    9.845663532
    5.431318637    4.394240706    4.369177810    9.857469930
    5.451356713    4.346801829    4.313406630    9.840672463
    5.471394790    4.303089246    4.263128067    9.797626059
    5.491432866    4.263485492    4.218912412    9.731524756
    5.511470942    4.228544359    4.181323980    9.645485546
    5.531509018    4.198888791    4.150928493    9.541967757
    5.551547094    4.175103563    4.128230913    9.422622841
    5.571585170    4.157651078    4.113576004    9.288524038
    5.591623246    4.146788545    4.107063597    9.140603996
    5.611661323    4.142484534    4.108490190    8.980042645
    5.631699399    4.144391179    4.117297750    8.808421657
    5.651737475    4.151931133    4.132536903    8.627648343
    5.671775551    4.164458928    4.152880324    8.439743403
    5.691813627    4.181341743    4.176689603    8.246586371
    5.711851703    4.201826976    4.202090874    8.049731434
    5.731889780    4.224751581    4.227026858    7.850374769
    5.751927856    4.248319724    4.249318958    7.649442266
    5.771965932    4.270145433    4.266813491    7.447704518
    5.792004008    4.287574536    4.277634865    7.245886864
    5.812042084    4.298147652    4.280462168    7.044805563
    5.832080160    4.300039769    4.274705505    6.845499184
    5.852118236    4.292371999    4.260528156    6.649252981
    5.872156313    4.275339695    4.238748559    6.457483340
    5.892194389    4.250119519    4.210684458    6.271560706
    5.912232465    4.218575747    4.177978988    6.092663854
    5.932270541    4.182867166    4.142411996    5.921697754
    5.952308617    4.145071861    4.105686848    5.759253803
    5.972346693    4.106901122    4.069211882    5.605591366
    5.992384770    4.069519499    4.033935603    5.460641933
    6.012422846    4.033472124    4.000292930    5.324030521
    6.032460922    3.998758279    3.968281892    5.195105054
    6.052498998    3.965090498    3.937668153    5.072986775
    6.072537074    3.932261295    3.908285930    4.956652932
    6.092575150    3.900411427    3.880310628    4.845036255
    6.112613226    3.870024690    3.854312391    4.737127901
    6.132651303    3.841665761    3.831005634    4.632095836
    6.152689379    3.815651242    3.810819753    4.529417652
    6.172727455    3.791839138    3.793521159    4.428969028
    6.192765531    3.769577409    3.778044257    4.330986637
    6.212803607    3.747745407    3.762554154    4.235898014
    6.232841683    3.724845746    3.744696447    4.144117342
    6.252879760    3.699177600    3.721997969    4.055927040
    6.272917836    3.669112213    3.692363663    3.971480845
    6.292955912    3.633395347    3.654519914    3.890868650
    6.312993988    3.591353783    3.608213773    3.814170006
    6.333032064    3.542954954    3.554104869    3.741467614
    6.353070140    3.488762058    3.493463832    3.672823061
    6.373108216    3.429827270    3.427843916    3.608240797
    6.393146293    3.367516852    3.358833726    3.547661835
    6.413184369    3.303270796    3.287927761    3.490990753
    6.433222445    3.238363254    3.216495646    3.438111007
    6.453260521    3.173764139    3.145790878    3.388869031
    6.473298597    3.110157482    3.076941564    3.343067668
    6.493336673    3.048075415    3.010909252    3.300509940
    6.513374749    2.988037957    2.948440680    3.261072410
    6.533412826    2.930609103    2.890040827    3.224733946
    6.553450902    2.876361256    2.835977982    3.191508051
    6.573488978    2.825807428    2.786316534    3.161307719
    6.593527054    2.779366022    2.740971664    3.133830532
    6.613565130    2.737368043    2.699776176    3.108557501
    6.633603206    2.700057951    2.662532609    3.084910431
    6.653641283    2.667538282    2.629022623    3.062506244
    6.673679359    2.639659825    2.598970928    3.041356512
    6.693717435    2.615915687    2.571987889    3.021882413
    6.713755511    2.595412045    2.547534433    3.004733897
    6.733793587    2.576946353    2.524954549    2.990527590
    6.753831663    2.559170195    2.503585041    2.979663111
    6.773869739    2.540789085    2.482900250    2.972298252
    6.793907816    2.520751275    2.462630812    2.968433569
    6.813945892    2.498393613    2.442818803    2.968001699
    6.833983968    2.473529217    2.423796165    2.970897283
    6.854022044    2.446461857    2.406086521    2.976943772
    6.874060120    2.417907659    2.390253318    2.985821298
    6.894098196    2.388827801    2.376740838    2.996982718
    6.914136273    2.360226807    2.365751329    3.009583992
    6.934174349    2.332994931    2.357178238    3.022468643
    6.954212425    2.307831116    2.350604855    3.034260351
    6.974250501    2.285222471    2.345373269    3.043575713
    6.994288577    2.265441994    2.340702902    3.049281008
    7.014326653    2.248547551    2.335806949    3.050690010
    7.034364729    2.234375243    2.329957909    3.047659800
    7.054402806    2.222522928    2.322497877    3.040585780
    7.074440882    2.212345928    2.312843073    3.030293190
    7.094478958    2.203022116    2.300543349    3.017841170
    7.114517034    2.193731842    2.285396697    3.004299203
    7.134555110    2.183908181    2.267541036    2.990571123
    7.154593186    2.173409752    2.247449967    2.977321972
    7.174631263    2.162487997    2.225842030    2.965016830
    7.194669339    2.151578322    2.203567499    2.954021366
    7.214707415    2.141063699    2.181508465    2.944687542
    7.234745491    2.131125647    2.160471430    2.937384283
    7.254783567    2.121710062    2.141048076    2.932491269
    7.274821643    2.112595812    2.123483215    2.930382137
    7.294859719    2.103530589    2.107641566    2.931392930
    7.314897796    2.094361764    2.093122254    2.935786424
    7.334935872    2.085083900    2.079460942    2.943763851
    7.354973948    2.075779626    2.066304672    2.955544017
    7.375012024    2.066510488    2.053491038    2.971447243
    7.395050100    2.057244463    2.041033382    2.991893427
    7.415088176    2.047857840    2.029041560    3.017260538
    7.435126253    2.038182010    2.017615386    3.047610818
    7.455164329    2.028047967    2.006756425    3.082389406
    7.475202405    2.017306553    1.996330117    3.120302264
    7.495240481    2.005825138    1.986071739    3.159554001
    7.515278557    1.993470355    1.975604052    3.198403591
    7.535316633    1.980100622    1.964452923    3.235721090
    7.555354709    1.965595764    1.952086098    3.271179488
    7.575392786    1.949917404    1.938004949    3.304997240
    7.595430862    1.933147713    1.921869364    3.337484440
    7.615468938    1.915447110    1.903569715    3.368705066
    7.635507014    1.896925731    1.883166909    3.398376113
    7.655545090    1.877499868    1.860740550    3.425944818
    7.675583166    1.856825599    1.836285442    3.450756876
    7.695621242    1.834350056    1.809739668    3.472280925
    7.715659319    1.809462065    1.781092098    3.490354315
    7.735697395    1.781694417    1.750468465    3.505349697
    7.755735471    1.750909860    1.718147922    3.518164310
    7.775773547    1.717398173    1.684531393    3.530054942
    7.795811623    1.681850660    1.650116402    3.542435022
    7.815849699    1.645237798    1.615506084    3.556709941
    7.835887776    1.608644899    1.581413490    3.574145698
    7.855925852    1.573116589    1.548609292    3.595753165
    7.875963928    1.539543572    1.517828950    3.622200258
    7.896002004    1.508599825    1.489698424    3.653765749
    7.916040080    1.480719229    1.464698560    3.690321827
    7.936078156    1.456098467    1.443139466    3.731319908
    7.956116232    1.434718147    1.425124601    3.775769024
    7.976154309    1.416377281    1.410526393    3.822234599
    7.996192385    1.400737981    1.399012229    3.868911248
    8.016230461    1.387380134    1.390133218    3.913789788
    8.036268537    1.375862414    1.383440054    3.954879189
    8.056306613    1.365776620    1.378562162    3.990426713
    8.076344689    1.356782869    1.375214452    4.019081567
    8.096382766    1.348622861    1.373154206    4.039923579
    8.116420842    1.341115724    1.372131776    4.052307415
    8.136458918    1.334144723    1.371850835    4.055607839
    8.156496994    1.327640115    1.371932777    4.049058523
    8.176535070    1.321554463    1.371901660    4.031849279
    8.196573146    1.315825905    1.371230743    4.003501193
    8.216611222    1.310339864    1.369460094    3.964308307
    8.236649299    1.304918062    1.366330149    3.915484242
    8.256687375    1.299362400    1.361858683    3.858826718
    8.276725451    1.293543659    1.356331667    3.796128876
    8.296763527    1.287473784    1.350220965    3.728797439
    8.316801603    1.281299311    1.344057611    3.657940551
    8.336839679    1.275218924    1.338300022    3.584781183
    8.356877756    1.269387812    1.333239759    3.511006295
    8.376915832    1.263868570    1.328969520    3.438735723
    8.396953908    1.258646300    1.325413085    3.370099300
    8.416991984    1.253689394    1.322396336    3.306709134
    8.437030060    1.249020569    1.319721595    3.249358599
    8.457068136    1.244760511    1.317212049    3.198062826
    8.477106212    1.241120040    1.314725630    3.152314701
    8.497144289    1.238346207    1.312163819    3.111345050
    8.517182365    1.236655479    1.309489942    3.074239898
    8.537220441    1.236185441    1.306741602    3.039916161
    8.557258517    1.236973440    1.304018333    3.007091362
    8.577296593    1.238958700    1.301452800    2.974379797
    8.597334669    1.242003810    1.299186330    2.940519476
    8.617372745    1.245926537    1.297353497    2.904623552
    8.637410822    1.250530482    1.296068956    2.866340532
    8.657448898    1.255630660    1.295411779    2.825867876
    8.677486974    1.261076709    1.295405702    2.783834884
    8.697525050    1.266773787    1.295998753    2.741123068
    8.717563126    1.272693151    1.297053468    2.698696957
    8.737601202    1.278861379    1.298361856    2.657473266
    8.757639279    1.285332380    1.299692725    2.618223712
    8.777677355    1.292166215    1.300859594    2.581516629
    8.797715431    1.299427617    1.301777983    2.547705789
    8.817753507    1.307185695    1.302488881    2.516954161
    8.837791583    1.315493538    1.303151029    2.489271938
    8.857829659    1.324353488    1.304009814    2.464561226
    8.877867735    1.333688400    1.305343486    2.442668283
    8.897905812    1.343332396    1.307401657    2.423438538
    8.917943888    1.353048199    1.310368518    2.406767490
    8.937981964    1.362572780    1.314368696    2.392642778
    8.958020040    1.371678817    1.319499815    2.381162981
    8.978058116    1.380226752    1.325855594    2.372518147
    8.998096192    1.388186845    1.333512448    2.366945325
    9.018134269    1.395631037    1.342490198    2.364689315
    9.038172345    1.402712166    1.352730162    2.365978104
    9.058210421    1.409644967    1.364116734    2.371003764
    9.078248497    1.416683056    1.376517448    2.379912153
    9.098286573    1.424073751    1.389795790    2.392819977
    9.118324649    1.431991912    1.403783913    2.409855290
    9.138362725    1.440490553    1.418244206    2.431179768
    9.158400802    1.449506004    1.432851937    2.456964100
    9.178438878    1.458905836    1.447204388    2.487344197
    9.198476954    1.468532330    1.460849981    2.522405290
    9.218515030    1.478221686    1.473346086    2.562199112
    9.238553106    1.487821133    1.484352075    2.606754184
    9.258591182    1.497214571    1.493724549    2.656046961
    9.278629259    1.506334982    1.501559505    2.709953846
    9.298667335    1.515157300    1.508159105    2.768236428
    9.318705411    1.523699663    1.513950578    2.830576428
    9.338743487    1.532043853    1.519401482    2.896604871
    9.358781563    1.540341850    1.524954063    2.965858851
    9.378819639    1.548783708    1.530976660    3.037682680
    9.398857715    1.557551474    1.537728578    3.111160628
    9.418895792    1.566790467    1.545345206    3.185131463
    9.438933868    1.576590218    1.553848605    3.258261985
    9.458971944    1.586960411    1.563178428    3.329155558
    9.479010020    1.597817126    1.573232659    3.396491425
    9.499048096    1.609000070    1.583906773    3.459140544
    9.519086172    1.620319926    1.595124264    3.516171119
    9.539124248    1.631618040    1.606857782    3.566748867
    9.559162325    1.642808280    1.619132493    3.610059933
    9.579200401    1.653875540    1.631998163    3.645376370
    9.599238477    1.664847327    1.645481820    3.672242398
    9.619276553    1.675788020    1.659562224    3.690636092
    9.639314629    1.686829361    1.674193180    3.700974347
    9.659352705    1.698186998    1.689348610    3.703959988
    9.679390782    1.710115709    1.705031998    3.700397024
    9.699428858    1.722823144    1.721232045    3.691101272
    9.719466934    1.736402506    1.737864935    3.676917336
    9.739505010    1.750815756    1.754746990    3.658749426
    9.759543086    1.765908515    1.771601679    3.637522136
    9.779581162    1.781425876    1.788080537    3.614083500
    9.799619238    1.797029446    1.803787263    3.589130972
    9.819657315    1.812342417    1.818318036    3.563208125
    9.839695391    1.827029105    1.831338013    3.536752266
    9.859733467    1.840872557    1.842684586    3.510156636
    9.879771543    1.853810062    1.852449148    3.483824575
    9.899809619    1.865926643    1.860987527    3.458191076
    9.919847695    1.877435551    1.868848764    3.433685554
    9.939885772    1.888661292    1.876657824    3.410633670
    9.959923848    1.900012282    1.885008626    3.389129310
    9.979961924    1.911926988    1.894407892    3.368930093
   10.000000000    1.924806193    1.905268017    3.349434361
