# energy grid [eV]     epsr_x  epsr_y  epsr_z
#
    0.001000000    7.919348183    7.918931636    4.516979106
    0.021038076    7.919643800    7.919227228    4.517024627
    0.041076152    7.920477207    7.920060563    4.517152937
    0.061114228    7.921849010    7.921432247    4.517364061
    0.081152305    7.923760205    7.923343276    4.517658045
    0.101190381    7.926212183    7.925795043    4.518034947
    0.121228457    7.929206735    7.928789335    4.518494847
    0.141266533    7.932746050    7.932328344    4.519037838
    0.161304609    7.936832725    7.936414665    4.519664033
    0.181342685    7.941469771    7.941051310    4.520373562
    0.201380762    7.946660617    7.946241706    4.521166570
    0.221418838    7.952409121    7.951989713    4.522043223
    0.241456914    7.958719578    7.958299623    4.523003703
    0.261494990    7.965596730    7.965176178    4.524048209
    0.281533066    7.973045778    7.972624580    4.525176960
    0.301571142    7.981072394    7.980650500    4.526390189
    0.321609218    7.989682737    7.989260095    4.527688152
    0.341647295    7.998883467    7.998460025    4.529071121
    0.361685371    8.008681760    8.008257466    4.530539386
    0.381723447    8.019085330    8.018660132    4.532093257
    0.401761523    8.030102449    8.029676292    4.533733062
    0.421799599    8.041741964    8.041314794    4.535459150
    0.441837675    8.054013328    8.053585088    4.537271887
    0.461875752    8.066926621    8.066497255    4.539171659
    0.481913828    8.080492578    8.080062028    4.541158875
    0.501951904    8.094722623    8.094290831    4.543233961
    0.521989980    8.109628900    8.109195805    4.545397364
    0.542028056    8.125224309    8.124789850    4.547649554
    0.562066132    8.141522544    8.141086659    4.549991021
    0.582104208    8.158538138    8.158100763    4.552422275
    0.602142285    8.176286507    8.175847576    4.554943850
    0.622180361    8.194784001    8.194343447    4.557556303
    0.642218437    8.214047955    8.213605710    4.560260212
    0.662256513    8.234096754    8.233652747    4.563056178
    0.682294589    8.254949893    8.254504052    4.565944829
    0.702332665    8.276628044    8.276180296    4.568926813
    0.722370741    8.299153141    8.298703408    4.572002805
    0.742408818    8.322548453    8.322096658    4.575173506
    0.762446894    8.346838682    8.346384745    4.578439642
    0.782484970    8.372050059    8.371593896    4.581801963
    0.802523046    8.398210449    8.397751975    4.585261250
    0.822561122    8.425349477    8.424888604    4.588818310
    0.842599198    8.453498651    8.453035288    4.592473978
    0.862637275    8.482691509    8.482225562    4.596229118
    0.882675351    8.512963769    8.512495142    4.600084624
    0.902713427    8.544353510    8.543882101    4.604041421
    0.922751503    8.576901351    8.576427058    4.608100466
    0.942789579    8.610650667    8.610173382    4.612262746
    0.962827655    8.645647813    8.645167423    4.616529283
    0.982865731    8.681942375    8.681458766    4.620901133
    1.002903808    8.719587451    8.719100503    4.625379386
    1.022941884    8.758639954    8.758149543    4.629965169
    1.042979960    8.799160951    8.798666946    4.634659647
    1.063018036    8.841216026    8.840718292    4.639464020
    1.083056112    8.884875689    8.884374087    4.644379531
    1.103094188    8.930215819    8.929710202    4.649407463
    1.123132265    8.977318140    8.976808355    4.654549139
    1.143170341    9.026270739    9.025756628    4.659805928
    1.163208417    9.077168623    9.076650019    4.665179241
    1.183246493    9.130114294    9.129591023    4.670670539
    1.203284569    9.185218346    9.184690226    4.676281328
    1.223322645    9.242600053    9.242066894    4.682013164
    1.243360721    9.302387911    9.301849513    4.687867656
    1.263398798    9.364720074    9.364176228    4.693846464
    1.283436874    9.429744600    9.429195086    4.699951305
    1.303474950    9.497619346    9.497063932    4.706183953
    1.323513026    9.568511304    9.567949747    4.712546239
    1.343551102    9.642595022    9.642027067    4.719040059
    1.363589178    9.720049600    9.719474978    4.725667371
    1.383627255    9.801053420    9.800471848    4.732430200
    1.403665331    9.885775412    9.885186591    4.739330640
    1.423703407    9.974360945    9.973764561    4.746370859
    1.443741483   10.066909518   10.066305241    4.753553097
    1.463779559   10.163440037   10.162827521    4.760879675
    1.483817635   10.263837602   10.263216484    4.768352994
    1.503855711   10.367773521   10.367143423    4.775975541
    1.523893788   10.474588424   10.473948957    4.783749891
    1.543931864   10.583129110   10.582479874    4.791678714
    1.563969940   10.691538280   10.690878876    4.799764775
    1.584008016   10.797022645   10.796352677    4.808010941
    1.604046092   10.895681692   10.895000785    4.816420188
    1.624084168   10.982566700   10.981874510    4.824995602
    1.644122244   11.052203774   11.051499998    4.833740384
    1.664160321   11.099716337   11.099000709    4.842657863
    1.684198397   11.122306813   11.121579081    4.851751493
    1.704236473   11.120407719   11.119667600    4.861024866
    1.724274549   11.097778129   11.097025256    4.870481716
    1.744312625   11.060317317   11.059551253    4.880125929
    1.764350701   11.014092832   11.013313154    4.889961548
    1.784388778   10.963832753   10.963039084    4.899992785
    1.804426854   10.913055931   10.912247788    4.910224029
    1.824464930   10.865285116   10.864461695    4.920659855
    1.844503006   10.824319119   10.823479296    4.931305037
    1.864541082   10.792768336   10.791910955    4.942164559
    1.884579158   10.770469559   10.769593733    4.953243626
    1.904617234   10.754910089   10.754015162    4.964547681
    1.924655311   10.743869489   10.742954690    4.976082417
    1.944693387   10.737950363   10.737014566    4.987853793
    1.964731463   10.740383944   10.739425755    4.999868055
    1.984769539   10.754323027   10.753340945    5.012131749
    2.004807615   10.780350024   10.779342367    5.024651746
    2.024845691   10.816156321   10.815121008    5.037435262
    2.044883768   10.858198850   10.857133352    5.050489884
    2.064921844   10.904057236   10.902958903    5.063823593
    2.084959920   10.953945430   10.952812071    5.077444797
    2.104997996   11.010315520   11.009145657    5.091362356
    2.125036072   11.076045851   11.074838168    5.105585621
    2.145074148   11.152889384   11.151641635    5.120124468
    2.165112224   11.241107012   11.239815311    5.134989338
    2.185150301   11.339704460   11.338363631    5.150191276
    2.205188377   11.446705023   11.445309753    5.165741984
    2.225226453   11.559874259   11.558420199    5.181653861
    2.245264529   11.678062822   11.676546930    5.197940055
    2.265302605   11.802250727   11.800670691    5.214614519
    2.285340681   11.935303881   11.933657102    5.231692051
    2.305378758   12.080373168   12.078656139    5.249188350
    2.325416834   12.238807401   12.237015932    5.267120044
    2.345454910   12.408918056   12.407048064    5.285504712
    2.365492986   12.586496485   12.584544948    5.304360870
    2.385531062   12.766602568   12.764568661    5.323707910
    2.405569138   12.945010685   12.942897294    5.343565951
    2.425607214   13.118022610   13.115838230    5.363955571
    2.445645291   13.280628132   13.278389319    5.384897337
    2.465683367   13.424035532   13.421770634    5.406411045
    2.485721443   13.533932249   13.531687138    5.428514548
    2.505759519   13.590632023   13.588477581    5.451222043
    2.525797595   13.572108786   13.570147980    5.474541754
    2.545835671   13.460371880   13.458741496    5.498473214
    2.565873747   13.249210404   13.248070953    5.523004947
    2.585911824   12.948290714   12.947801806    5.548114523
    2.605949900   12.579455180   12.579743853    5.573774233
    2.625987976   12.166920777   12.168057753    5.599965487
    2.646026052   11.727970542   11.729964475    5.626700664
    2.666064128   11.269334465   11.272142132    5.654042275
    2.686102204   10.789157668   10.792701698    5.682104079
    2.706140281   10.280893042   10.285080646    5.711027936
    2.726178357    9.736058730    9.740798345    5.740948314
    2.746216433    9.145786427    9.151000756    5.771963308
    2.766254509    8.502706087    8.508339910    5.804120412
    2.786292585    7.803629798    7.809649540    5.837411499
    2.806330661    7.051955047    7.058338253    5.871766488
    2.826368737    6.258695922    6.265412412    5.907038866
    2.846406814    5.442031874    5.449019113    5.942982931
    2.866444890    4.625993409    4.633131014    5.979228751
    2.886482966    3.838792059    3.845890248    6.015267823
    2.906521042    3.110217415    3.117037477    6.050472398
    2.926559118    2.467286455    2.473590727    6.084173504
    2.946597194    1.929399048    1.935001763    6.115795060
    2.966635271    1.505663676    1.510456633    6.144986038
    2.986673347    1.195393956    1.199346191    6.171660740
    3.006711423    0.990492511    0.993637215    6.195908310
    3.026749499    0.878188811    0.880604482    6.217844825
    3.046787575    0.843664487    0.845450343    6.237534813
    3.066825651    0.872421346    0.873672418    6.255021876
    3.086863727    0.951832461    0.952623465    6.270397620
    3.106901804    1.071543717    1.071923457    6.283858949
    3.126939880    1.223016595    1.223009748    6.295758663
    3.146977956    1.398569106    1.398185564    6.306606150
    3.167016032    1.590152255    1.589403056    6.316942277
    3.187054108    1.788442256    1.787354380    6.327125369
    3.207092184    1.983191242    1.981813354    6.337202350
    3.227130261    2.165291049    2.163689518    6.347001744
    3.247168337    2.329537502    2.327788863    6.356366144
    3.267206413    2.475928038    2.474114507    6.365272786
    3.287244489    2.608086983    2.606296472    6.373710276
    3.307282565    2.729643263    2.727970854    6.381467082
    3.327320641    2.840987808    2.839534418    6.388079470
    3.347358717    2.938489685    2.937353947    6.393009635
    3.367396794    3.016419157    3.015679966    6.395914159
    3.387434870    3.070000538    3.069693029    6.396792654
    3.407472946    3.097508259    3.097604673    6.395897299
    3.427511022    3.100381476    3.100790081    6.393472177
    3.447549098    3.081793952    3.082377814    6.389562841
    3.467587174    3.044792182    3.045396225    6.384091235
    3.487625251    2.991185930    2.991659072    6.377082853
    3.507663327    2.921941276    2.922149260    6.368752792
    3.527701403    2.838579892    2.838412502    6.359358251
    3.547739479    2.744110733    2.743489166    6.348982398
    3.567777555    2.642583791    2.641471747    6.337442900
    3.587815631    2.537872189    2.536286788    6.324412026
    3.607853707    2.433116051    2.431127074    6.309694922
    3.627891784    2.331442358    2.329152923    6.293477281
    3.647929860    2.236833517    2.234350553    6.276374702
    3.667967936    2.153492168    2.150903269    6.259317867
    3.688006012    2.083868934    2.081235113    6.243431117
    3.708044088    2.027415779    2.024775491    6.229967602
    3.728082164    1.981342493    1.978715951    6.220215063
    3.748120240    1.942499144    1.939889360    6.215277324
    3.768158317    1.908784023    1.906180104    6.215772276
    3.788196393    1.879377450    1.876763589    6.221630345
    3.808234469    1.854290032    1.851655350    6.232215074
    3.828272545    1.834065884    1.831408574    6.246822456
    3.848310621    1.819781112    1.817106552    6.265273014
    3.868348697    1.812762490    1.810079500    6.288108888
    3.888386774    1.813700840    1.811018543    6.316161380
    3.908424850    1.821718763    1.819043672    6.349824689
    3.928462926    1.834445013    1.831778304    6.388668719
    3.948501002    1.849558492    1.846895125    6.431700915
    3.968539078    1.866794725    1.864126062    6.478047379
    3.988577154    1.888435936    1.885755483    6.527549219
    4.008615230    1.917250186    1.914559625    6.580827563
    4.028653307    1.953127150    1.950439484    6.638743494
    4.048691383    1.991047615    1.988385988    6.701690227
    4.068729459    2.022152361    2.019544040    6.769303750
    4.088767535    2.037449575    2.034916850    6.840770319
    4.108805611    2.031941198    2.029495762    6.915402130
    4.128843687    2.006576516    2.004222878    6.993029933
    4.148881764    1.966783620    1.964527507    7.074012118
    4.168919840    1.918770791    1.916623263    7.158929360
    4.188957916    1.866173189    1.864147936    7.248139754
    4.208995992    1.808863252    1.806972137    7.341441308
    4.229034068    1.744061516    1.742312040    7.438089415
    4.249072144    1.668557788    1.666951019    7.537173493
    4.269110220    1.580437883    1.578965710    7.638053490
    4.289148297    1.479458860    1.478103741    7.740509971
    4.309186373    1.366512354    1.365251533    7.844495747
    4.329224449    1.243268299    1.242079149    7.949686866
    4.349262525    1.112621904    1.111486316    8.055147418
    4.369300601    0.979508087    0.978417217    8.159259677
    4.389338677    0.850953414    0.849909116    8.259836656
    4.409376754    0.734598631    0.733605457    8.354240220
    4.429414830    0.636143891    0.635196375    8.439403065
    4.449452906    0.557299923    0.556378755    8.511819025
    4.469490982    0.495697853    0.494780187    8.567723205
    4.489529058    0.446712183    0.445785721    8.603708284
    4.509567134    0.405837989    0.404905223    8.617734867
    4.529605210    0.370226150    0.369296076    8.609979286
    4.549643287    0.338892232    0.337968635    8.582863802
    4.569681363    0.312136110    0.311213199    8.540271758
    4.589719439    0.290958188    0.290026927    8.486636609
    4.609757515    0.276647369    0.275706791    8.426534908
    4.629795591    0.270169337    0.269233273    8.364786899
    4.649833667    0.271200795    0.270293971    8.306491202
    4.669871743    0.277305482    0.276450970    8.256403301
    4.689909820    0.284122598    0.283329543    8.217786406
    4.709947896    0.287099999    0.286359793    8.191579187
    4.729985972    0.284133734    0.283425493    8.176493788
    4.750024048    0.277196101    0.276497102    8.169855474
    4.770062124    0.271260253    0.270556346    8.168579614
    4.790100200    0.271048044    0.270340278    8.169842933
    4.810138277    0.278131731    0.277437141    8.171387652
    4.830176353    0.290337181    0.289682818    8.171565157
    4.850214429    0.303150939    0.302562638    8.169093130
    4.870252505    0.311711863    0.311203638    8.162468008
    4.890290581    0.312535880    0.312105942    8.149296078
    4.910328657    0.304664268    0.304297998    8.126080038
    4.930366733    0.289801175    0.289477754    8.088646968
    4.950404810    0.271188364    0.270889100    8.032911349
    4.970442886    0.251706796    0.251424506    7.955749233
    4.990480962    0.232198036    0.231943887    7.855879068
    5.010519038    0.210828350    0.210630033    7.734568785
    5.030557114    0.183783074    0.183673556    7.596080430
    5.050595190    0.147009158    0.147014442    7.447589487
    5.070633267    0.098124628    0.098258617    7.298009855
    5.090671343    0.037356942    0.037621577    7.155782353
    5.110709419   -0.032980253   -0.032594583    7.026802229
    5.130747495   -0.109831086   -0.109343097    6.913582437
    5.150785571   -0.190387981   -0.189817817    6.815493141
    5.170823647   -0.272123764   -0.271484110    6.729222667
    5.190861723   -0.352264225   -0.351557035    6.649053906
    5.210899800   -0.427302450   -0.426523318    6.567048057
    5.230937876   -0.492698715   -0.491846340    6.473300225
    5.250975952   -0.543015410   -0.542101089    6.356614707
    5.271014028   -0.572968446   -0.572018936    6.205979038
    5.291052104   -0.579169618   -0.578219233    6.012441312
    5.311090180   -0.561577345   -0.560652958    5.770258538
    5.331128257   -0.523888889   -0.522997649    5.476860452
    5.351166333   -0.472665500   -0.471792814    5.132683060
    5.371204409   -0.415337551   -0.414455291    4.742087986
    5.391242485   -0.357805867   -0.356885846    4.314828925
    5.411280561   -0.302883929   -0.301910816    3.866040055
    5.431318637   -0.250376527   -0.249353288    3.413387489
    5.451356713   -0.198491775   -0.197432329    2.972286511
    5.471394790   -0.145681867   -0.144595275    2.551872404
    5.491432866   -0.092065287   -0.090945432    2.154054196
    5.511470942   -0.039824419   -0.038654842    1.775908738
    5.531509018    0.007602325    0.008833381    1.413734148
    5.551547094    0.047074884    0.048363133    1.066468276
    5.571585170    0.077153099    0.078479988    0.736834309
    5.591623246    0.098460676    0.099805090    0.430008013
    5.611661323    0.112682446    0.114030524    0.151092567
    5.631699399    0.120880046    0.122225455   -0.096847663
    5.651737475    0.122441503    0.123779732   -0.313168875
    5.671775551    0.115407376    0.116732977   -0.498636554
    5.691813627    0.097799530    0.099109978   -0.654317649
    5.711851703    0.069108170    0.070409018   -0.781618418
    5.731889780    0.031231229    0.032535691   -0.883232533
    5.751927856   -0.011601167   -0.010277839   -0.963566678
    5.771965932   -0.053989245   -0.052634562   -1.027748874
    5.792004008   -0.091149523   -0.089753883   -1.079853543
    5.812042084   -0.120516010   -0.119069732   -1.121709202
    5.832080160   -0.142402552   -0.140893676   -1.152990409
    5.852118236   -0.159454628   -0.157869806   -1.172231085
    5.872156313   -0.175311906   -0.173639917   -1.178045874
    5.892194389   -0.193280095   -0.191515623   -1.170138655
    5.912232465   -0.215597387   -0.213743599   -1.149875939
    5.932270541   -0.243330004   -0.241400869   -1.120245031
    5.952308617   -0.276506396   -0.274529444   -1.085224684
    5.972346693   -0.314166743   -0.312183589   -1.048774783
    5.992384770   -0.354421040   -0.352481626   -1.013675143
    6.012422846   -0.394831832   -0.392982782   -0.980598429
    6.032460922   -0.433204033   -0.431477796   -0.948013639
    6.052498998   -0.468369093   -0.466780588   -0.913285326
    6.072537074   -0.500332567   -0.498883457   -0.874484815
    6.092575150   -0.529730171   -0.528415236   -0.831669676
    6.112613226   -0.557338538   -0.556149334   -0.786771837
    6.132651303   -0.584256991   -0.583182113   -0.742439079
    6.152689379   -0.612457770   -0.611481622   -0.700764983
    6.172727455   -0.644924208   -0.644026739   -0.662547639
    6.192765531   -0.685060307   -0.684219258   -0.627279734
    6.212803607   -0.735721705   -0.734916523   -0.593687057
    6.232841683   -0.798296557   -0.797511385   -0.560336275
    6.252879760   -0.871972432   -0.871196764   -0.525937087
    6.272917836   -0.953341226   -0.952569120   -0.489331765
    6.292955912   -1.036748465   -1.035977756   -0.449456548
    6.312993988   -1.115601104   -1.114832765   -0.405609806
    6.333032064   -1.184118587   -1.183355725   -0.357994016
    6.353070140   -1.238580590   -1.237827246   -0.307961611
    6.373108216   -1.277548058   -1.276808388   -0.257443486
    6.393146293   -1.301259422   -1.300537123   -0.207787208
    6.413184369   -1.310763251   -1.310060800   -0.158783688
    6.433222445   -1.307308501   -1.306626670   -0.108515263
    6.453260521   -1.292221464   -1.291560053   -0.054175630
    6.473298597   -1.267085406   -1.266444612    0.006564547
    6.493336673   -1.233790368   -1.233171075    0.074479532
    6.513374749   -1.194226160   -1.193628891    0.148515213
    6.533412826   -1.149915348   -1.149339601    0.226119515
    6.553450902   -1.102045951   -1.101490883    0.303804560
    6.573488978   -1.051840631   -1.051306216    0.377823777
    6.593527054   -1.000753686   -1.000241782    0.444852343
    6.613565130   -0.950309399   -0.949825423    0.502504848
    6.633603206   -0.901900673   -0.901455890    0.549734887
    6.653641283   -0.856784827   -0.856397268    0.587209060
    6.673679359   -0.816155041   -0.815846717    0.617395523
    6.693717435   -0.781100114   -0.780890729    0.643953292
    6.713755511   -0.752403056   -0.752303609    0.670520961
    6.733793587   -0.730269838   -0.730279631    0.699599652
    6.753831663   -0.714178468   -0.714286068    0.732089650
    6.773869739   -0.702950992   -0.703137378    0.767432335
    6.793907816   -0.695004312   -0.695246779    0.804036855
    6.813945892   -0.688742125   -0.689018409    0.839814631
    6.833983968   -0.683001545   -0.683293491    0.872713805
    6.854022044   -0.677333489   -0.677628832    0.901057039
    6.874060120   -0.671964087   -0.672255454    0.923603217
    6.894098196   -0.667523010   -0.667805627    0.939532855
    6.914136273   -0.664765047   -0.665035791    0.948550501
    6.934174349   -0.664404514   -0.664662985    0.951028772
    6.954212425   -0.666935430   -0.667185265    0.948037492
    6.974250501   -0.672255466   -0.672504386    0.941266530
    6.994288577   -0.679195483   -0.679454740    0.932866017
    7.014326653   -0.685358519   -0.685642366    0.925069917
    7.034364729   -0.687547681   -0.687871572    0.919616801
    7.054402806   -0.682599354   -0.682976003    0.917367592
    7.074440882   -0.668185338   -0.668620624    0.918484105
    7.094478958   -0.643306557   -0.643798257    0.923042319
    7.114517034   -0.608441296   -0.608981408    0.931599370
    7.134555110   -0.565376674   -0.565955472    0.945276878
    7.154593186   -0.516777739   -0.517387344    0.965282806
    7.174631263   -0.465669493   -0.466305525    0.992242729
    7.194669339   -0.415045825   -0.415706599    1.025868312
    7.214707415   -0.367665366   -0.368349589    1.065236939
    7.234745491   -0.325938388   -0.326643410    1.109473372
    7.254783567   -0.291819363   -0.292541052    1.158221048
    7.274821643   -0.266697006   -0.267429838    1.211460463
    7.294859719   -0.251243003   -0.251978171    1.268937910
    7.314897796   -0.245159386   -0.245881602    1.329818791
    7.334935872   -0.246967837   -0.247654647    1.392768093
    7.354973948   -0.254189096   -0.254815264    1.456146746
    7.375012024   -0.264026335   -0.264571207    1.517957554
    7.395050100   -0.274148236   -0.274601319    1.575555802
    7.415088176   -0.283070499   -0.283432382    1.625639990
    7.435126253   -0.290080166   -0.290359480    1.665037287
    7.455164329   -0.294967500   -0.295176272    1.692041726
    7.475202405   -0.297761462   -0.297911070    1.707345202
    7.495240481   -0.298588701   -0.298687677    1.713797346
    7.515278557   -0.297758641   -0.297812480    1.715139863
    7.535316633   -0.295973599   -0.295985770    1.714560180
    7.555354709   -0.294377726   -0.294350578    1.713831035
    7.575392786   -0.294344978   -0.294279584    1.713279434
    7.595430862   -0.297204310   -0.297099586    1.712424162
    7.615468938   -0.304086500   -0.303938853    1.710813765
    7.635507014   -0.315876285   -0.315680477    1.708405991
    7.655545090   -0.333137732   -0.332888658    1.705242447
    7.675583166   -0.355874935   -0.355569602    1.700972173
    7.695621242   -0.383110574   -0.382749913    1.694913296
    7.715659319   -0.412504062   -0.412094350    1.686632238
    7.735697395   -0.440393111   -0.439946513    1.676419221
    7.755735471   -0.462483324   -0.462016812    1.665164510
    7.775773547   -0.474964022   -0.474496233    1.653748310
    7.795811623   -0.475506992   -0.475053755    1.642498409
    7.815849699   -0.463695274   -0.463266062    1.631093364
    7.835887776   -0.440784744   -0.440382164    1.618845972
    7.855925852   -0.409045828   -0.408667837    1.605216209
    7.875963928   -0.371059561   -0.370702151    1.590467324
    7.896002004   -0.329203639   -0.328862442    1.576154997
    7.916040080   -0.285363252   -0.285034280    1.564942438
    7.936078156   -0.240829758   -0.240510031    1.559510040
    7.956116232   -0.196353135   -0.196041328    1.561003464
    7.976154309   -0.152297066   -0.151993691    1.567970986
    7.996192385   -0.108819945   -0.108526708    1.576402051
    8.016230461   -0.066019590   -0.065738201    1.580550494
    8.036268537   -0.024046581   -0.023777815    1.573836710
    8.056306613    0.016785755    0.017042207    1.549587964
    8.076344689    0.055947537    0.056192683    1.501869278
    8.096382766    0.092798290    0.093033501    1.426637375
    8.116420842    0.126861156    0.127088196    1.323097122
    8.136458918    0.158113787    0.158334913    1.194738131
    8.156496994    0.187085676    0.187303409    1.049368067
    8.176535070    0.214686979    0.214903556    0.897755788
    8.196573146    0.241913940    0.242130874    0.751179423
    8.216611222    0.269629178    0.269847148    0.618869248
    8.236649299    0.298448585    0.298667492    0.506458035
    8.256687375    0.328647178    0.328866201    0.415941241
    8.276725451    0.360091516    0.360309331    0.346823460
    8.296763527    0.392308224    0.392523446    0.297582113
    8.316801603    0.424699460    0.424911160    0.266585756
    8.336839679    0.456769169    0.456977217    0.252206230
    8.356877756    0.488239134    0.488444165    0.252479945
    8.376915832    0.519048954    0.519251986    0.264763473
    8.396953908    0.549309596    0.549511500    0.285649885
    8.416991984    0.579268313    0.579469504    0.311219470
    8.437030060    0.609262716    0.609463228    0.337478607
    8.457068136    0.639613501    0.639813331    0.360812335
    8.477106212    0.670491352    0.670690685    0.378400878
    8.497144289    0.701846942    0.702045984    0.388502272
    8.517182365    0.733438703    0.733637145    0.390452514
    8.537220441    0.764958232    0.765154769    0.384455958
    8.557258517    0.796232793    0.796425111    0.371430215
    8.577296593    0.827373507    0.827558712    0.353046115
    8.597334669    0.858701148    0.858876216    0.331887140
    8.617372745    0.890487463    0.890649465    0.311494471
    8.637410822    0.922751193    0.922897447    0.295918519
    8.657448898    0.955275026    0.955403323    0.288596039
    8.677486974    0.987783524    0.987892409    0.291095474
    8.697525050    1.020089117    1.020178266    0.302719243
    8.717563126    1.052075385    1.052145951    0.321353585
    8.737601202    1.083554211    1.083608846    0.344898131
    8.757639279    1.114110410    1.114152959    0.372215508
    8.777677355    1.143005199    1.143040415    0.403111774
    8.797715431    1.169180596    1.169214032    0.437723780
    8.817753507    1.191401953    1.191439617    0.475992827
    8.837791583    1.208524064    1.208571378    0.517529746
    8.857829659    1.219801020    1.219861358    0.561750078
    8.877867735    1.225132488    1.225206518    0.608090457
    8.897905812    1.225129246    1.225215937    0.656202951
    8.917943888    1.220924230    1.221022733    0.706007180
    8.937981964    1.213804948    1.213915571    0.757487698
    8.958020040    1.204882651    1.205006215    0.810324882
    8.978058116    1.194977612    1.195114122    0.863675907
    8.998096192    1.184696597    1.184844640    0.916376294
    9.018134269    1.174506971    1.174664382    0.967459223
    9.038172345    1.164683153    1.164848195    1.016579111
    9.058210421    1.155244485    1.155416273    1.064112154
    9.078248497    1.146072137    1.146249911    1.111110281
    9.098286573    1.137161060    1.137343307    1.159272828
    9.118324649    1.128747236    1.128931998    1.210762774
    9.138362725    1.121153232    1.121339747    1.267656860
    9.158400802    1.114511176    1.114701347    1.331231666
    9.178438878    1.108686290    1.108884329    1.401587834
    9.198476954    1.103542404    1.103752696    1.477800209
    9.218515030    1.099322141    1.099547185    1.558222315
    9.238553106    1.096725411    1.096965343    1.640540204
    9.258591182    1.096541643    1.096795019    1.721648427
    9.278629259    1.099162687    1.099427245    1.797688593
    9.298667335    1.104390480    1.104663181    1.864413458
    9.318705411    1.111636752    1.111913347    1.917854988
    9.338743487    1.120341677    1.120616655    1.955188732
    9.358781563    1.130338720    1.130606441    1.975415791
    9.378819639    1.141892670    1.142149589    1.979284847
    9.398857715    1.155356390    1.155602901    1.968285073
    9.418895792    1.170711189    1.170951461    1.943276296
    9.438933868    1.187335764    1.187575516    1.903625741
    9.458971944    1.204168951    1.204412834    1.847369221
    9.479010020    1.220149585    1.220400011    1.772166715
    9.499048096    1.234615047    1.234872793    1.676304954
    9.519086172    1.247413503    1.247678874    1.559315507
    9.539124248    1.258750015    1.259023377    1.422376716
    9.559162325    1.268966073    1.269247701    1.268659054
    9.579200401    1.278410010    1.278699864    1.103475092
    9.599238477    1.287415490    1.287713085    0.933971589
    9.619276553    1.296340009    1.296644207    0.768056522
    9.639314629    1.305567452    1.305876526    0.612644327
    9.659352705    1.315321241    1.315633768    0.472106817
    9.679390782    1.325280096    1.325596311    0.347952189
    9.699428858    1.334312220    1.334634688    0.239865008
    9.719466934    1.340716756    1.341049654    0.147246519
    9.739505010    1.342965316    1.343312580    0.070157135
    9.759543086    1.340408236    1.340771720    0.009174907
    9.779581162    1.333362605    1.333741338   -0.035481281
    9.799619238    1.322657920    1.323048424   -0.064854993
    9.819657315    1.309317455    1.309714201   -0.081641910
    9.839695391    1.294723176    1.295118940   -0.089885000
    9.859733467    1.280846895    1.281233731   -0.094126604
    9.879771543    1.270042064    1.270413336   -0.098379440
    9.899809619    1.264453690    1.264806312   -0.105366345
    9.919847695    1.265474472    1.265809791   -0.116440529
    9.939885772    1.273545031    1.273867558   -0.132271537
    9.959923848    1.288288747    1.288603611   -0.153802756
    9.979961924    1.308769306    1.309080270   -0.182692769
   10.000000000    1.333659763    1.333968825   -0.220837803
