# energy grid [eV]     epsi_x  epsi_y  epsi_z
#
    0.001000000    0.241244854    0.501835451    0.001103888
    0.021038076    3.248872379    6.421828005    0.010884488
    0.041076152    3.855761160    7.605846355    0.011535581
    0.061114228    3.906136195    7.703183606    0.011983773
    0.081152305    3.845892282    7.602057773    0.012713221
    0.101190381    3.749524475    7.469652753    0.013608397
    0.121228457    3.633575082    7.344936103    0.014584369
    0.141266533    3.512391796    7.255918112    0.015606730
    0.161304609    3.400755594    7.226614806    0.016662899
    0.181342685    3.308544211    7.266997075    0.017741743
    0.201380762    3.237135220    7.365903411    0.018828713
    0.221418838    3.179025053    7.489134663    0.019912618
    0.241456914    3.119970851    7.582498425    0.020993907
    0.261494990    3.043239419    7.582419409    0.022086190
    0.281533066    2.935775179    7.436088184    0.023211217
    0.301571142    2.794177832    7.123874688    0.024392872
    0.321609218    2.626628599    6.668702940    0.025653443
    0.341647295    2.449177452    6.124542864    0.027011734
    0.361685371    2.279253317    5.553159624    0.028482719
    0.381723447    2.130657634    5.005020046    0.030079642
    0.401761523    2.011906671    4.512151654    0.031817950
    0.421799599    1.927058670    4.090282377    0.033718199
    0.441837675    1.877339576    3.744211298    0.035805840
    0.461875752    1.862463964    3.472613523    0.038108738
    0.481913828    1.881295217    3.271281435    0.040654469
    0.501951904    1.931887691    3.134976873    0.043468235
    0.521989980    2.011113747    3.058176840    0.046571155
    0.542028056    2.114171822    3.034918505    0.049978931
    0.562066132    2.234326710    3.058024456    0.053701633
    0.582104208    2.363223086    3.118211418    0.057745589
    0.602142285    2.492048591    3.203821528    0.062118174
    0.622180361    2.613588254    3.301920982    0.066835359
    0.642218437    2.724547443    3.400956167    0.071929491
    0.662256513    2.826789120    3.494044872    0.077452718
    0.682294589    2.926390788    3.581020234    0.083473434
    0.702332665    3.030745253    3.667551411    0.090066848
    0.722370741    3.144961230    3.761209500    0.097300313
    0.742408818    3.268834405    3.866041973    0.105211424
    0.762446894    3.395342692    3.977969660    0.113779233
    0.782484970    3.511450103    4.083254564    0.122894670
    0.802523046    3.601460262    4.161550607    0.132337597
    0.822561122    3.651879488    4.192997449    0.141767423
    0.842599198    3.655592948    4.165888058    0.150739685
    0.862637275    3.613539451    4.080550927    0.158766857
    0.882675351    3.533735136    3.947935978    0.165429672
    0.902713427    3.428540001    3.784909613    0.170505058
    0.922751503    3.311186297    3.609134287    0.174037660
    0.942789579    3.192795927    3.435375767    0.176304005
    0.962827655    3.080873888    3.273823653    0.177697529
    0.982865731    2.979254433    3.130034091    0.178608488
    1.002903808    2.888864723    3.005763747    0.179345713
    1.022941884    2.808831949    2.900190296    0.180104767
    1.042979960    2.737664424    2.811209567    0.180971859
    1.063018036    2.674204323    2.736487945    0.181950698
    1.083056112    2.618105207    2.674061923    0.182997265
    1.103094188    2.569837436    2.622554409    0.184049251
    1.123132265    2.530421123    2.581189066    0.185045481
    1.143170341    2.501057359    2.549658989    0.185938737
    1.163208417    2.482716601    2.527838103    0.186705603
    1.183246493    2.475776878    2.515453704    0.187353701
    1.203284569    2.479906644    2.511928068    0.187924059
    1.223322645    2.494294026    2.516459412    0.188483735
    1.243360721    2.518054044    2.528236764    0.189107249
    1.263398798    2.550524859    2.546682792    0.189856648
    1.283436874    2.591346245    2.571676412    0.190774657
    1.303474950    2.640447584    2.603667935    0.191893210
    1.323513026    2.698068300    2.643564063    0.193243590
    1.343551102    2.764747646    2.692350725    0.194855465
    1.363589178    2.841118498    2.750572099    0.196748393
    1.383627255    2.927445960    2.817870666    0.198927664
    1.403665331    3.023088419    2.892790339    0.201387707
    1.423703407    3.126237749    2.972980942    0.204116342
    1.443741483    3.234211906    3.055793468    0.207094445
    1.463779559    3.344198153    3.139039433    0.210293080
    1.483817635    3.453974859    3.221593471    0.213675287
    1.503855711    3.562160217    3.303625999    0.217206867
    1.523893788    3.667943499    3.386352379    0.220869673
    1.543931864    3.770647688    3.471262852    0.224664047
    1.563969940    3.869549975    3.559110657    0.228598013
    1.584008016    3.964165571    3.649297663    0.232678331
    1.604046092    4.054793276    3.740131574    0.236915033
    1.624084168    4.142805337    3.829732529    0.241330410
    1.644122244    4.230356735    3.916838193    0.245960192
    1.664160321    4.319729839    4.000953678    0.250849715
    1.684198397    4.412763350    4.082010556    0.256050541
    1.704236473    4.510611271    4.160143825    0.261612075
    1.724274549    4.613846469    4.235966300    0.267563328
    1.744312625    4.722828535    4.311214492    0.273893725
    1.764350701    4.838149725    4.389251833    0.280544613
    1.784388778    4.960857716    4.474824055    0.287411755
    1.804426854    5.092238081    4.572903429    0.294356013
    1.824464930    5.233201050    4.687142877    0.301226326
    1.844503006    5.383464997    4.818622405    0.307896236
    1.864541082    5.540781926    4.965167845    0.314302761
    1.884579158    5.700631607    5.121313682    0.320470679
    1.904617234    5.856870131    5.279162677    0.326509018
    1.924655311    6.003322159    5.430227612    0.332577893
    1.944693387    6.135520070    5.567610627    0.338840560
    1.964731463    6.251610069    5.687486173    0.345424134
    1.984769539    6.352140501    5.789306831    0.352402697
    2.004807615    6.439192004    5.874904114    0.359799241
    2.024845691    6.515423372    5.947236101    0.367597501
    2.044883768    6.583308191    6.009668093    0.375760465
    2.064921844    6.644635963    6.066016843    0.384252707
    2.084959920    6.700432133    6.120690193    0.393057819
    2.104997996    6.751497151    6.178256804    0.402182242
    2.125036072    6.799394724    6.242614005    0.411645593
    2.145074148    6.847157218    6.316420247    0.421465518
    2.165112224    6.898979734    6.401148986    0.431644405
    2.185150301    6.959012758    6.497570629    0.442163123
    2.205188377    7.030150761    6.606221504    0.452986965
    2.225226453    7.113574401    6.727545436    0.464082896
    2.245264529    7.209108703    6.861716633    0.475437950
    2.265302605    7.315990586    7.008405141    0.487066959
    2.285340681    7.433547544    7.166755305    0.499004040
    2.305378758    7.561429409    7.335637246    0.511283291
    2.325416834    7.699374988    7.514000306    0.523923741
    2.345454910    7.846842429    7.701122874    0.536928524
    2.365492986    8.002856850    7.896659411    0.550290091
    2.385531062    8.166170426    8.100477998    0.563987438
    2.405569138    8.335588139    8.312414893    0.577976969
    2.425607214    8.510215968    8.532204469    0.592190566
    2.445645291    8.689480656    8.759701070    0.606542889
    2.465683367    8.873014524    8.995092338    0.620936324
    2.485721443    9.060596747    9.238574839    0.635261480
    2.505759519    9.252158262    9.489371420    0.649408952
    2.525797595    9.447711444    9.744762971    0.663306140
    2.545835671    9.647148609   10.000054037    0.676968055
    2.565873747    9.849946379   10.249652006    0.690524430
    2.585911824   10.054797317   10.488480215    0.704185418
    2.605949900   10.259246961   10.712763598    0.718144553
    2.625987976   10.459604867   10.919890286    0.732468385
    2.646026052   10.651426732   11.107793230    0.747045175
    2.666064128   10.830484887   11.274441558    0.761632637
    2.686102204   10.993644248   11.417700063    0.775974524
    2.706140281   11.139032527   11.535520634    0.789902065
    2.726178357   11.265475755   11.626317906    0.803351323
    2.746216433   11.371751907   11.689335740    0.816307964
    2.766254509   11.456195355   11.724866675    0.828759384
    2.786292585   11.516751111   11.734327287    0.840719985
    2.806330661   11.551258555   11.720223373    0.852320302
    2.826368737   11.557723984   11.685957370    0.863895411
    2.846406814   11.534522165   11.635390577    0.876012719
    2.866444890   11.480668025   11.572141620    0.889417843
    2.886482966   11.396283584   11.498774463    0.904917430
    2.906521042   11.283103440   11.416161857    0.923245120
    2.926559118   11.144652139   11.323296797    0.944958594
    2.946597194   10.985868381   11.217698291    0.970391646
    2.966635271   10.812281654   11.096309480    0.999655711
    2.986673347   10.629066129   10.956541993    1.032666430
    3.006711423   10.440310233   10.797113755    1.069168634
    3.026749499   10.248740240   10.618483113    1.108752399
    3.046787575   10.055963332   10.422797012    1.150877093
    3.066825651    9.863027000   10.213421706    1.194920882
    3.086863727    9.670926243    9.994339164    1.240253966
    3.106901804    9.480856503    9.769717590    1.286321107
    3.126939880    9.294305601    9.543742127    1.332718347
    3.146977956    9.113121573    9.320571962    1.379251161
    3.167016032    8.939511055    9.104241831    1.425960397
    3.187054108    8.775850025    8.898418227    1.473100436
    3.207092184    8.624342849    8.706060359    1.521064092
    3.227130261    8.486715505    8.529136539    1.570275213
    3.247168337    8.364055607    8.368521384    1.621093871
    3.267206413    8.256734882    8.224071078    1.673769377
    3.287244489    8.164330151    8.094809525    1.728424998
    3.307282565    8.085595575    7.979217550    1.785019409
    3.327320641    8.018608759    7.875646014    1.843265694
    3.347358717    7.961112835    7.782762504    1.902564775
    3.367396794    7.910931989    7.699846279    1.962032027
    3.387434870    7.866297220    7.626839582    2.020639827
    3.407472946    7.825967975    7.564216984    2.077423054
    3.427511022    7.789109913    7.512747455    2.131655204
    3.447549098    7.755002984    7.473165551    2.182920957
    3.467587174    7.722774708    7.445801875    2.231078814
    3.487625251    7.691355258    7.430306032    2.276182751
    3.507663327    7.659694123    7.425569781    2.318444613
    3.527701403    7.627082740    7.429824683    2.358243248
    3.547739479    7.593344987    7.440811805    2.396108490
    3.567777555    7.558763348    7.455953056    2.432632055
    3.587815631    7.523818450    7.472508072    2.468345924
    3.607853707    7.488923510    7.487750992    2.503634457
    3.627891784    7.454276885    7.499221601    2.538686241
    3.647929860    7.419889535    7.505018968    2.573450842
    3.667967936    7.385791133    7.503992859    2.607605105
    3.688006012    7.352268903    7.495720002    2.640581682
    3.708044088    7.319894907    7.480295837    2.671682314
    3.728082164    7.289283531    7.458086682    2.700227001
    3.748120240    7.260816459    7.429628070    2.725686464
    3.768158317    7.234596262    7.395755938    2.747797588
    3.788196393    7.210620420    7.357803680    2.766659495
    3.808234469    7.188942407    7.317564974    2.782753968
    3.828272545    7.169639095    7.276944146    2.796841729
    3.848310621    7.152622382    7.237526503    2.809769680
    3.868348697    7.137470535    7.200307838    2.822272935
    3.888386774    7.123422769    7.165625872    2.834831054
    3.908424850    7.109552751    7.133253956    2.847604224
    3.928462926    7.095021536    7.102637360    2.860465093
    3.948501002    7.079274235    7.073208011    2.873126782
    3.968539078    7.062087049    7.044634152    2.885318770
    3.988577154    7.043467925    7.016879996    2.896914815
    4.008615230    7.023520187    6.990077836    2.907941457
    4.028653307    7.002395335    6.964328878    2.918490817
    4.048691383    6.980338532    6.939543403    2.928635579
    4.068729459    6.957694369    6.915355895    2.938422818
    4.088767535    6.934767554    6.891136039    2.947939443
    4.108805611    6.911605859    6.866138702    2.957385051
    4.128843687    6.887889136    6.839772745    2.967097369
    4.148881764    6.863028792    6.811847680    2.977526084
    4.168919840    6.836397019    6.782635355    2.989194258
    4.188957916    6.807517284    6.752713890    3.002678094
    4.208995992    6.776117835    6.722702390    3.018585697
    4.229034068    6.742075236    6.693020205    3.037501555
    4.249072144    6.705337305    6.663749974    3.059911097
    4.269110220    6.665881259    6.634620356    3.086154497
    4.289148297    6.623713040    6.605093562    3.116438714
    4.309186373    6.578913279    6.574541681    3.150900835
    4.329224449    6.531731551    6.542456480    3.189694225
    4.349262525    6.482679133    6.508579663    3.233050604
    4.369300601    6.432536523    6.472881136    3.281268091
    4.389338677    6.382240844    6.435444888    3.334623900
    4.409376754    6.332707139    6.396390015    3.393278197
    4.429414830    6.284677887    6.355883324    3.457236256
    4.449452906    6.238654180    6.314198261    3.526373208
    4.469490982    6.194887532    6.271748336    3.600491318
    4.489529058    6.153385196    6.229053468    3.679394076
    4.509567134    6.113918023    6.186636424    3.762959616
    4.529605210    6.076057338    6.144887256    3.851165434
    4.549643287    6.039260958    6.103977719    3.944021116
    4.569681363    6.002982622    6.063902427    4.041430642
    4.589719439    5.966752187    6.024625265    4.143066881
    4.609757515    5.930214021    5.986207217    4.248337106
    4.629795591    5.893162319    5.948812638    4.356463230
    4.649833667    5.855593972    5.912607807    4.466640269
    4.669871743    5.817729523    5.877643163    4.578205810
    4.689909820    5.779934081    5.843802945    4.690763261
    4.709947896    5.742561945    5.810861498    4.804228741
    4.729985972    5.705841055    5.778623165    4.918792233
    4.750024048    5.669872403    5.747048414    5.034811034
    4.770062124    5.634708415    5.716255107    5.152688266
    4.790100200    5.600430042    5.686386212    5.272789076
    4.810138277    5.567176023    5.657460167    5.395406432
    4.830176353    5.535122251    5.629323477    5.520760312
    4.850214429    5.504416063    5.601714245    5.649013562
    4.870252505    5.475062230    5.574357871    5.780283959
    4.890290581    5.446807539    5.547030612    5.914629780
    4.910328657    5.419142165    5.519584921    6.052013387
    4.930366733    5.391488645    5.491955699    6.192282711
    4.950404810    5.363492164    5.464174894    6.335203708
    4.970442886    5.335234754    5.436423270    6.480524138
    4.990480962    5.307248818    5.409089795    6.628005318
    5.010519038    5.280317793    5.382738580    6.777376710
    5.030557114    5.255153460    5.357926902    6.928234541
    5.050595190    5.232114015    5.334955138    7.079950846
    5.070633267    5.211117435    5.313702169    7.231650384
    5.090671343    5.191764130    5.293619455    7.382277791
    5.110709419    5.173522259    5.273825465    7.530729794
    5.130747495    5.155824945    5.253222276    7.675977945
    5.150785571    5.138060427    5.230630610    7.817113922
    5.170823647    5.119524210    5.204968929    7.953333141
    5.190861723    5.099392224    5.175457829    8.083934485
    5.210899800    5.076750509    5.141778392    8.208360671
    5.230937876    5.050705083    5.104105062    8.326204279
    5.250975952    5.020562773    5.062992181    8.437099655
    5.271014028    4.986024797    5.019179816    8.540511523
    5.291052104    4.947297016    4.973415565    8.635510916
    5.311090180    4.905037159    4.926342389    8.720675445
    5.331128257    4.860148898    4.878453323    8.794245840
    5.351166333    4.813521271    4.830104563    8.854523606
    5.371204409    4.765826507    4.781567259    8.900299592
    5.391242485    4.717446154    4.733078611    8.931093852
    5.411280561    4.668536309    4.684867515    8.947143963
    5.431318637    4.619195421    4.637176981    8.949209768
    5.451356713    4.569667990    4.590317184    8.938315191
    5.471394790    4.520491312    4.544723598    8.915522428
    5.491432866    4.472504707    4.500954727    8.881746014
    5.511470942    4.426722311    4.459620635    8.837604451
    5.531509018    4.384150025    4.421304389    8.783383694
    5.551547094    4.345633548    4.386532592    8.719161248
    5.571585170    4.311780497    4.355792505    8.645007153
    5.591623246    4.282943536    4.329541697    8.561129111
    5.611661323    4.259217917    4.308162715    8.467917626
    5.631699399    4.240432325    4.291883082    8.365948611
    5.651737475    4.226160994    4.280721592    8.255995083
    5.671775551    4.215786374    4.274476923    8.139010513
    5.691813627    4.208599641    4.272720673    8.016035607
    5.711851703    4.203895226    4.274777634    7.888084800
    5.731889780    4.201014973    4.279726303    7.756104372
    5.751927856    4.199324769    4.286449968    7.620994711
    5.771965932    4.198154062    4.293724108    7.483613348
    5.792004008    4.196762843    4.300308452    7.344721778
    5.812042084    4.194387026    4.305034088    7.204926070
    5.832080160    4.190348693    4.306890585    7.064675705
    5.852118236    4.184145757    4.305103115    6.924330681
    5.872156313    4.175441933    4.299168379    6.784253075
    5.892194389    4.163970505    4.288818909    6.644864979
    5.912232465    4.149434089    4.273921526    6.506654078
    5.932270541    4.131471607    4.254377188    6.370156746
    5.952308617    4.109723299    4.230116480    6.235922534
    5.972346693    4.083978385    4.201212700    6.104412581
    5.992384770    4.054334641    4.168011685    5.975844934
    6.012422846    4.021280915    4.131151444    5.850124314
    6.032460922    3.985663199    4.091455413    5.726966206
    6.052498998    3.948561881    4.049788741    5.606118367
    6.072537074    3.911129060    4.006950650    5.487474525
    6.092575150    3.874414798    3.963602457    5.371030320
    6.112613226    3.839205343    3.920217431    5.256824769
    6.132651303    3.805920006    3.877076212    5.144982334
    6.152689379    3.774608059    3.834327896    5.035801097
    6.172727455    3.745026016    3.792077941    4.929761111
    6.192765531    3.716731160    3.750435340    4.827406650
    6.212803607    3.689157187    3.709503018    4.729165275
    6.232841683    3.661682980    3.669357860    4.635211938
    6.252879760    3.633697241    3.630057122    4.545450268
    6.272917836    3.604642695    3.591653427    4.459598621
    6.292955912    3.574046781    3.554181685    4.377310073
    6.312993988    3.541568812    3.517617351    4.298270175
    6.333032064    3.507064819    3.481844606    4.222267573
    6.353070140    3.470621286    3.446667355    4.149250938
    6.373108216    3.432510163    3.411855786    4.079355551
    6.393146293    3.393082958    3.377192936    4.012860031
    6.413184369    3.352675084    3.342493373    3.950063714
    6.433222445    3.311569108    3.307593292    3.891131600
    6.453260521    3.270007268    3.272333544    3.835980207
    6.473298597    3.228218219    3.236557838    3.784258779
    6.493336673    3.186430895    3.200126242    3.735436331
    6.513374749    3.144861884    3.162926256    3.688951834
    6.533412826    3.103678907    3.124874645    3.644346676
    6.553450902    3.062963198    3.085928855    3.601311245
    6.573488978    3.022705512    3.046127264    3.559644230
    6.593527054    2.982857536    3.005639874    3.519193763
    6.613565130    2.943421198    2.964781894    3.479853874
    6.633603206    2.904521776    2.923968561    3.441621241
    6.653641283    2.866418006    2.883644421    3.404654254
    6.673679359    2.829448965    2.844237630    3.369278771
    6.693717435    2.793954201    2.806152586    3.335934916
    6.713755511    2.760202553    2.769769989    3.305104539
    6.733793587    2.728343689    2.735419510    3.277258560
    6.753831663    2.698381499    2.703325178    3.252822819
    6.773869739    2.670164005    2.673554931    3.232130186
    6.793907816    2.643388609    2.646003226    3.215345355
    6.813945892    2.617637582    2.620413050    3.202395003
    6.833983968    2.592460637    2.596425164    3.192950447
    6.854022044    2.567486673    2.573638145    3.186481447
    6.874060120    2.542514905    2.551669206    3.182364470
    6.894098196    2.517547794    2.530207024    3.179999505
    6.914136273    2.492766339    2.509042363    3.178880906
    6.934174349    2.468474856    2.488068587    3.178601378
    6.954212425    2.445039592    2.467263321    3.178806828
    6.974250501    2.422825338    2.446671130    3.179129491
    6.994288577    2.402128680    2.426393348    3.179135938
    7.014326653    2.383128244    2.406572188    3.178334874
    7.034364729    2.365886269    2.387358150    3.176257298
    7.054402806    2.350404283    2.368876466    3.172567836
    7.074440882    2.336684906    2.351222421    3.167149213
    7.094478958    2.324744518    2.334484159    3.160127543
    7.114517034    2.314571360    2.318752978    3.151840602
    7.134555110    2.306074812    2.304092678    3.142772203
    7.154593186    2.299067256    2.290486140    3.133478990
    7.174631263    2.293276384    2.277799536    3.124529832
    7.194669339    2.288362757    2.265787974    3.116466549
    7.214707415    2.283935312    2.254142959    3.109779831
    7.234745491    2.279580317    2.242569567    3.104891013
    7.254783567    2.274909696    2.230870384    3.102137018
    7.274821643    2.269609047    2.218999654    3.101755032
    7.294859719    2.263464112    2.207051032    3.103866229
    7.314897796    2.256361239    2.195173446    3.108471917
    7.334935872    2.248266023    2.183458552    3.115478649
    7.354973948    2.239187443    2.171866707    3.124750538
    7.375012024    2.229137275    2.160231243    3.136161702
    7.395050100    2.218095647    2.148329586    3.149615968
    7.415088176    2.205999024    2.135977720    3.165026812
    7.435126253    2.192761060    2.123107170    3.182280558
    7.455164329    2.178310486    2.109799999    3.201206519
    7.475202405    2.162618708    2.096266225    3.221558940
    7.495240481    2.145711600    2.082764555    3.243014001
    7.515278557    2.127680225    2.069501859    3.265196433
    7.535316633    2.108694606    2.056563637    3.287734435
    7.555354709    2.089001049    2.043903001    3.310302951
    7.575392786    2.068884535    2.031381516    3.332616445
    7.595430862    2.048604636    2.018839008    3.354393291
    7.615468938    2.028335297    2.006157837    3.375352706
    7.635507014    2.008141574    1.993281073    3.395261867
    7.655545090    1.988009566    1.980172904    3.413991708
    7.675583166    1.967903433    1.966760192    3.431545612
    7.695621242    1.947789668    1.952912216    3.448065268
    7.715659319    1.927604028    1.938482021    3.463819885
    7.735697395    1.907211651    1.923377578    3.479156250
    7.755735471    1.886427262    1.907604015    3.494390743
    7.775773547    1.865101731    1.891244887    3.509681332
    7.795811623    1.843215316    1.874398013    3.524971724
    7.815849699    1.820905826    1.857106569    3.540075567
    7.835887776    1.798407726    1.839324608    3.554862485
    7.855925852    1.775944421    1.820931920    3.569414289
    7.875963928    1.753645271    1.801778627    3.584037282
    7.896002004    1.731533119    1.781729962    3.599134245
    7.916040080    1.709575625    1.760699527    3.615045411
    7.936078156    1.687756475    1.738671590    3.631967488
    7.956116232    1.666120780    1.715713899    3.649968247
    7.976154309    1.644775122    1.691984537    3.669029162
    7.996192385    1.623856430    1.667731643    3.689053753
    8.016230461    1.603502790    1.643277120    3.709853039
    8.036268537    1.583850756    1.618984480    3.731160788
    8.056306613    1.565054090    1.595225194    3.752688939
    8.076344689    1.547292451    1.572353627    3.774162750
    8.096382766    1.530743964    1.550687679    3.795267333
    8.116420842    1.515533153    1.530489544    3.815517516
    8.136458918    1.501694898    1.511943598    3.834156218
    8.156496994    1.489180031    1.495132517    3.850187891
    8.176535070    1.477886200    1.480021149    3.862551627
    8.196573146    1.467678448    1.466461830    3.870335158
    8.216611222    1.458387196    1.454226658    3.872914515
    8.236649299    1.449803605    1.443056125    3.869969303
    8.256687375    1.441696996    1.432704574    3.861407807
    8.276725451    1.433858266    1.422971404    3.847269790
    8.296763527    1.426147819    1.413718436    3.827650025
    8.316801603    1.418518541    1.404871968    3.802664230
    8.336839679    1.411003752    1.396407645    3.772479514
    8.356877756    1.403685794    1.388329208    3.737409184
    8.376915832    1.396665177    1.380655020    3.698028961
    8.396953908    1.390037530    1.373410789    3.655251263
    8.416991984    1.383876557    1.366621464    3.610293777
    8.437030060    1.378220489    1.360307701    3.564500703
    8.457068136    1.373062107    1.354495617    3.519058182
    8.477106212    1.368346527    1.349232160    3.474742206
    8.497144289    1.363981764    1.344585936    3.431831117
    8.517182365    1.359861667    1.340624082    3.390205594
    8.537220441    1.355895101    1.337378921    3.349559125
    8.557258517    1.352032198    1.334829506    3.309610721
    8.577296593    1.348276278    1.332911349    3.270229663
    8.597334669    1.344676062    1.331543666    3.231427556
    8.617372745    1.341306500    1.330652902    3.193238318
    8.637410822    1.338249911    1.330181552    3.155568016
    8.657448898    1.335580301    1.330083484    3.118112062
    8.677486974    1.333351019    1.330311312    3.080393939
    8.697525050    1.331591975    1.330805504    3.041912130
    8.717563126    1.330320752    1.331495919    3.002327393
    8.737601202    1.329559630    1.332318283    2.961599900
    8.757639279    1.329345142    1.333237877    2.920015767
    8.777677355    1.329724333    1.334269015    2.878114907
    8.797715431    1.330742152    1.335480848    2.836579440
    8.817753507    1.332428244    1.336985141    2.796127926
    8.837791583    1.334788674    1.338909568    2.757432880
    8.857829659    1.337806003    1.341368202    2.721072073
    8.877867735    1.341450499    1.344442802    2.687516216
    8.897905812    1.345698343    1.348180741    2.657141120
    8.917943888    1.350544913    1.352603687    2.630249051
    8.937981964    1.356005355    1.357717121    2.607085878
    8.958020040    1.362104683    1.363517452    2.587837583
    8.978058116    1.368861280    1.369999636    2.572595247
    8.998096192    1.376266845    1.377166019    2.561303258
    9.018134269    1.384269843    1.385032195    2.553730082
    9.038172345    1.392769703    1.393623516    2.549493301
    9.058210421    1.401623596    1.402960169    2.548136799
    9.078248497    1.410666514    1.413038231    2.549233108
    9.098286573    1.419745299    1.423818331    2.552480940
    9.118324649    1.428757031    1.435225287    2.557771101
    9.138362725    1.437671033    1.447152606    2.565197250
    9.158400802    1.446521880    1.459467449    2.575006014
    9.178438878    1.455381644    1.472018728    2.587510568
    9.198476954    1.464329576    1.484653653    2.603002111
    9.218515030    1.473433112    1.497243443    2.621678025
    9.238553106    1.482745043    1.509707560    2.643591239
    9.258591182    1.492312032    1.522019547    2.668624547
    9.278629259    1.502183932    1.534189769    2.696492220
    9.298667335    1.512415325    1.546238846    2.726763305
    9.318705411    1.523057570    1.558177655    2.758901800
    9.338743487    1.534146945    1.570000411    2.792326987
    9.358781563    1.545696801    1.581692708    2.826488659
    9.378819639    1.557695968    1.593250686    2.860931134
    9.398857715    1.570109451    1.604697091    2.895317468
    9.418895792    1.582880771    1.616082429    2.929408000
    9.438933868    1.595939401    1.627474783    2.963015576
    9.458971944    1.609211141    1.638946977    2.995969639
    9.479010020    1.622623255    1.650561632    3.028102763
    9.499048096    1.636099827    1.662351694    3.059251831
    9.519086172    1.649550756    1.674299353    3.089267124
    9.539124248    1.662863692    1.686320893    3.118025724
    9.559162325    1.675910110    1.698269186    3.145432682
    9.579200401    1.688568214    1.709963368    3.171392276
    9.599238477    1.700748280    1.721237259    3.195756337
    9.619276553    1.712400150    1.731980483    3.218279956
    9.639314629    1.723498820    1.742152906    3.238616095
    9.659352705    1.734024167    1.751774453    3.256358816
    9.679390782    1.743951481    1.760903240    3.271120055
    9.699428858    1.753255178    1.769614056    3.282617267
    9.719466934    1.761918752    1.777986029    3.290742667
    9.739505010    1.769945133    1.786100976    3.295579128
    9.759543086    1.777366735    1.794046778    3.297358917
    9.779581162    1.784257049    1.801921753    3.296404832
    9.799619238    1.790741097    1.809837062    3.293088748
    9.819657315    1.796995127    1.817907867    3.287806429
    9.839695391    1.803229632    1.826226704    3.280952979
    9.859733467    1.809663515    1.834832507    3.272894832
    9.879771543    1.816504528    1.843702117    3.263943671
    9.899809619    1.823943693    1.852777163    3.254332854
    9.919847695    1.832158228    1.862012732    3.244191874
    9.939885772    1.841312773    1.871420327    3.233525919
    9.959923848    1.851554557    1.881081825    3.222221206
    9.979961924    1.863003775    1.891127125    3.210082574
   10.000000000    1.875739206    1.901688183    3.196881146
