# energy grid [eV]     epsr_x  epsr_y  epsr_z
#
    0.001000000 -1491.496521117 -1553.172220610  4.555740404
    0.021038076    4.960348464    4.824834635    4.597287660
    0.041076152    7.461058635    7.428388207    4.597505114
    0.061114228    7.950875986    7.938255025    4.597762436
    0.081152305    8.128211714    8.122741050    4.598106819
    0.101190381    8.213937547    8.211809241    4.598544523
    0.121228457    8.263714613    8.263413223    4.599077266
    0.141266533    8.296824994    8.297630353    4.599705796
    0.161304609    8.321372163    8.322899065    4.600430593
    0.181342685    8.341241443    8.343265695    4.601252060
    0.201380762    8.358485822    8.360868456    4.602170592
    0.221418838    8.374276102    8.376926704    4.603186605
    0.241456914    8.389323631    8.392181108    4.604300543
    0.261494990    8.404085154    8.407106972    4.605512892
    0.281533066    8.418869051    8.422024897    4.606824182
    0.301571142    8.433893585    8.437161470    4.608234991
    0.321609218    8.449320387    8.452684152    4.609745947
    0.341647295    8.465274474    8.468722157    4.611357731
    0.361685371    8.481856666    8.485379392    4.613071082
    0.381723447    8.499151501    8.502742712    4.614886796
    0.401761523    8.517232386    8.520887300    4.616805734
    0.421799599    8.536164973    8.539880177    4.618828819
    0.441837675    8.556009282    8.559782429    4.620957042
    0.461875752    8.576820872    8.580650432    4.623191465
    0.481913828    8.598651131    8.602536172    4.625533217
    0.501951904    8.621546652    8.625486611    4.627983495
    0.521989980    8.645547478    8.649541912    4.630543562
    0.542028056    8.670683930    8.674732192    4.633214734
    0.562066132    8.696971649    8.701072448    4.635998368
    0.582104208    8.724404629    8.728555426    4.638895838
    0.602142285    8.752946721    8.757142904    4.641908503
    0.622180361    8.782523685    8.786757491    4.645037679
    0.642218437    8.813020882    8.817280129    4.648284622
    0.662256513    8.844294997    8.848561819    4.651650558
    0.682294589    8.876207675    8.880457631    4.655136798
    0.702332665    8.908678099    8.912880053    4.658744932
    0.722370741    8.941731127    8.945848021    4.662477027
    0.742408818    8.975506535    8.979496680    4.666335677
    0.762446894    9.010213328    9.014031544    4.670323794
    0.782484970    9.046046768    9.049645040    4.674444158
    0.802523046    9.083100188    9.086428288    4.678698837
    0.822561122    9.121293051    9.124300414    4.683088546
    0.842599198    9.160315862    9.162956311    4.687611954
    0.862637275    9.199577691    9.201818740    4.692264898
    0.882675351    9.238152979    9.239991201    4.697039492
    0.902713427    9.274748574    9.276229388    4.701923240
    0.922751503    9.307722716    9.308955252    4.706898372
    0.942789579    9.335198318    9.336349153    4.711941709
    0.962827655    9.355326557    9.356580686    4.717025449
    0.982865731    9.366729846    9.368227593    4.722119580
    1.002903808    9.369051882    9.370834110    4.727196739
    1.022941884    9.363382338    9.365380311    4.732239073
    1.042979960    9.352233723    9.354315593    4.737244101
    1.063018036    9.338927630    9.340979221    4.742225633
    1.083056112    9.326644335    9.328643295    4.747208840
    1.103094188    9.317640282    9.319690264    4.752222364
    1.123132265    9.313001880    9.315317730    4.757291159
    1.143170341    9.312918387    9.315774624    4.762432147
    1.163208417    9.317169102    9.320831787    4.767653214
    1.183246493    9.325531930    9.330192622    4.772954491
    1.203284569    9.338016133    9.343743812    4.778330313
    1.223322645    9.354979948    9.361705522    4.783771636
    1.243360721    9.377188544    9.384730855    4.789269819
    1.263398798    9.405736843    9.413860324    4.794821667
    1.283436874    9.441732456    9.450203953    4.800434487
    1.303474950    9.485845203    9.494457300    4.806130014
    1.323513026    9.538026816    9.546582846    4.811945539
    1.343551102    9.597581875    9.605865776    4.817929297
    1.363589178    9.663472983    9.671231835    4.824128878
    1.383627255    9.734629079    9.741582840    4.830576391
    1.403665331    9.810138989    9.816016290    4.837277221
    1.423703407    9.889338182    9.893926133    4.844207468
    1.443741483    9.971824332    9.975014770    4.851320173
    1.463779559   10.057419870   10.059234550    4.858556289
    1.483817635   10.146101566   10.146685343    4.865856671
    1.503855711   10.237931234   10.237513991    4.873175047
    1.523893788   10.333008344   10.331848730    4.880492560
    1.543931864   10.431419953   10.429752539    4.887827978
    1.563969940   10.533131226   10.531136568    4.895232392
    1.584008016   10.637782082   10.635582091    4.902766101
    1.604046092   10.744407542   10.742070832    4.910472363
    1.624084168   10.851131886   10.848674742    4.918366049
    1.644122244   10.954905740   10.952290261    4.926440954
    1.664160321   11.051396196   11.048538405    4.934685027
    1.684198397   11.135196296   11.131994004    4.943090258
    1.704236473   11.200539045   11.196916673    4.951651861
    1.724274549   11.242580981   11.238535406    4.960362636
    1.744312625   11.258954248   11.254582382    4.969212339
    1.764350701   11.250845981   11.246347001    4.978195624
    1.784388778   11.222855141   11.218518379    4.987325574
    1.804426854   11.181518073   11.177711217    4.996647749
    1.824464930   11.133316819   11.130471097    5.006245523
    1.844503006   11.083457985   11.082028929    5.016223950
    1.864541082   11.035883476   11.036275104    5.026670098
    1.884579158   10.993474692   10.995946486    5.037609745
    1.904617234   10.957477927   10.962074219    5.048989694
    1.924655311   10.926879168   10.933411903    5.060699453
    1.944693387   10.899155969   10.907247790    5.072620076
    1.964731463   10.872383568   10.881556429    5.084671131
    1.984769539   10.846941593   10.856725726    5.096829398
    2.004807615   10.825345116   10.835381261    5.109114481
    2.024845691   10.810620674   10.820727018    5.121560294
    2.044883768   10.804772783   10.814953547    5.134195025
    2.064921844   10.808326946   10.818724135    5.147035953
    2.084959920   10.820879322   10.831700318    5.160092259
    2.104997996   10.842110330   10.853574765    5.173370614
    2.125036072   10.872650427   10.884983550    5.186883721
    2.145074148   10.914154024   10.927627664    5.200660005
    2.165112224   10.968338020   10.983335414    5.214747428
    2.185150301   11.035617837   11.052676058    5.229206633
    2.205188377   11.114453660   11.134233869    5.244098448
    2.225226453   11.202029823   11.225199283    5.259476340
    2.245264529   11.295777748   11.322838913    5.275388224
    2.265302605   11.394504413   11.425636170    5.291880829
    2.285340681   11.498361018   11.533333174    5.308997210
    2.305378758   11.608023113   11.646222922    5.326767686
    2.325416834   11.723806618   11.764383661    5.345203059
    2.345454910   11.844986096   11.887066718    5.364295007
    2.365492986   11.969420291   12.012290542    5.384020366
    2.385531062   12.093694896   12.136867279    5.404345994
    2.405569138   12.213653179   12.256809832    5.425233681
    2.425607214   12.324724042   12.367591914    5.446641054
    2.445645291   12.421626002   12.463853596    5.468512868
    2.465683367   12.497687898   12.538773144    5.490766441
    2.485721443   12.544455164   12.583741544    5.513285434
    2.505759519   12.552133947   12.588861590    5.535935217
    2.525797595   12.510955434   12.544334736    5.558602978
    2.545835671   12.413057769   12.442333857    5.581253389
    2.565873747   12.254292243   12.278793269    5.603976507
    2.585911824   12.035416259   12.054591394    5.626993719
    2.605949900   11.762131358   11.775550398    5.650600408
    2.625987976   11.443483830   11.450758040    5.675068947
    2.646026052   11.088851495   11.089513411    5.700571186
    2.666064128   10.704876745   10.698338180    5.727160566
    2.686102204   10.293881652   10.279546419    5.754804877
    2.706140281    9.854025541    9.831488265    5.783436147
    2.726178357    9.380250405    9.349429487    5.812993357
    2.746216433    8.865377936    8.826509815    5.843450324
    2.766254509    8.301861667    8.255419170    5.874827095
    2.786292585    7.684809427    7.631432374    5.907182774
    2.806330661    7.015683855    6.956120238    5.940593461
    2.826368737    6.304911080    6.239936280    5.975125917
    2.846406814    5.571729288    5.502102183    6.010811295
    2.866444890    4.841097363    4.767644809    6.047612473
    2.886482966    4.139178986    4.062996589    6.085383275
    2.906521042    3.489365995    3.412006400    6.123832520
    2.926559118    2.909836857    2.833321223    6.162509816
    2.946597194    2.412540667    2.339114096    6.200821968
    2.966635271    2.003130385    1.934847632    6.238078580
    2.986673347    1.681416597    1.619762080    6.273556804
    3.006711423    1.442157950    1.387874255    6.306570436
    3.026749499    1.276329622    1.229476461    6.336531677
    3.046787575    1.172919199    1.133059625    6.363003948
    3.066825651    1.120867299    1.087276626    6.385752664
    3.086863727    1.110598723    1.082457153    6.404794663
    3.106901804    1.134773381    1.111336362    6.420428284
    3.126939880    1.188109813    1.168822507    6.433221559
    3.146977956    1.266371853    1.250875571    6.443956374
    3.167016032    1.365023612    1.353059469    6.453532177
    3.187054108    1.478342112    1.469634460    6.462815038
    3.207092184    1.599499813    1.593700475    6.472451223
    3.227130261    1.721538103    1.718240048    6.482739738
    3.247168337    1.838739987    1.837512510    6.493644890
    3.267206413    1.947794010    1.948197170    6.504920740
    3.287244489    2.048246160    2.049829435    6.516244094
    3.307282565    2.141982945    2.144303459    6.527273643
    3.327320641    2.231838867    2.234511708    6.537629532
    3.347358717    2.319837534    2.322593856    6.546851458
    3.367396794    2.405828113    2.408558260    6.554404693
    3.387434870    2.487098393    2.489880680    6.559755744
    3.407472946    2.559046417    2.562166841    6.562464553
    3.427511022    2.616623048    2.620569482    6.562227815
    3.447549098    2.656119913    2.661507626    6.558880846
    3.467587174    2.676621978    2.684024781    6.552407158
    3.487625251    2.680226844    2.689972398    6.542962817
    3.507663327    2.670712647    2.682768448    6.530873720
    3.527701403    2.651589441    2.665620447    6.516568298
    3.547739479    2.624987147    2.640541564    6.500462201
    3.567777555    2.591890929    2.608581236    6.482856116
    3.587815631    2.552946575    2.570510317    6.463887106
    3.607853707    2.508834539    2.527073806    6.443532411
    3.627891784    2.460058208    2.478765220    6.421678791
    3.647929860    2.406747462    2.425715266    6.398285257
    3.667967936    2.348907966    2.368026131    6.373585933
    3.688006012    2.286901265    2.306254784    6.348191852
    3.708044088    2.221740178    2.241612923    6.323011214
    3.728082164    2.155073235    2.175817996    6.299073538
    3.748120240    2.088963411    2.110812388    6.277411759
    3.768158317    2.025596211    2.048543604    6.259025405
    3.788196393    1.967034395    1.990860189    6.244806686
    3.808234469    1.915061825    1.939454325    6.235398180
    3.828272545    1.871042619    1.895730767    6.231120739
    3.848310621    1.835752663    1.860593690    6.232065579
    3.868348697    1.809281345    1.834296640    6.238261935
    3.888386774    1.791079044    1.816448916    6.249782425
    3.908424850    1.780082562    1.806108943    6.266748176
    3.928462926    1.774838700    1.801885128    6.289274940
    3.948501002    1.773602764    1.802032463    6.317402543
    3.968539078    1.774385422    1.804522052    6.351041693
    3.988577154    1.774978936    1.807081701    6.389969551
    4.008615230    1.773061494    1.807272374    6.433871736
    4.028653307    1.766380343    1.802631079    6.482392253
    4.048691383    1.752950771    1.790880930    6.535161235
    4.068729459    1.731311436    1.770265828    6.591808703
    4.088767535    1.700870590    1.740003346    6.651988381
    4.108805611    1.662221256    1.700671297    6.715411112
    4.128843687    1.617196146    1.654255794    6.781865528
    4.148881764    1.568427435    1.603636792    6.851207590
    4.168919840    1.518412899    1.551560477    6.923313170
    4.188957916    1.468566763    1.499617313    6.998013178
    4.208995992    1.418929139    1.447919177    7.075052070
    4.229034068    1.368744707    1.395687871    7.154086525
    4.249072144    1.317395808    1.342222077    7.234702757
    4.269110220    1.264908093    1.287433917    7.316429165
    4.289148297    1.211705635    1.231624850    7.398741521
    4.309186373    1.158004946    1.174910346    7.481069157
    4.329224449    1.103486346    1.116945024    7.562799452
    4.349262525    1.047527373    1.057210182    7.643263691
    4.369300601    0.989795783    0.995617035    7.721703784
    4.389338677    0.930761499    0.932961020    7.797236973
    4.409376754    0.871766673    0.870890829    7.868816353
    4.429414830    0.814634206    0.811430126    7.935196295
    4.449452906    0.761100689    0.756380940    7.994991927
    4.469490982    0.712348566    0.706880968    8.046926120
    4.489529058    0.668770178    0.663211288    8.090182507
    4.509567134    0.630027566    0.624884841    8.124610764
    4.529605210    0.595357989    0.590963614    8.150606913
    4.549643287    0.563922103    0.560427811    8.168764982
    4.569681363    0.535000977    0.532419457    8.179574760
    4.589719439    0.508032395    0.506325169    8.183364713
    4.609757515    0.482616527    0.481781545    8.180479540
    4.629795591    0.458550814    0.458650081    8.171523242
    4.649833667    0.435806946    0.436919308    8.157468047
    4.669871743    0.414385010    0.416533334    8.139535189
    4.689909820    0.394145117    0.397262110    8.118928986
    4.709947896    0.374778489    0.378726732    8.096606582
    4.729985972    0.355949931    0.360561217    8.073214353
    4.750024048    0.337505136    0.342601859    8.049179714
    4.770062124    0.319618171    0.325015517    8.024853660
    4.790100200    0.302775231    0.308294377    8.000611043
    4.810138277    0.287553587    0.293062947    7.976840235
    4.830176353    0.274315823    0.279770686    7.953785849
    4.850214429    0.263024574    0.268456647    7.931323211
    4.870252505    0.253249698    0.258699914    7.908809147
    4.890290581    0.244263739    0.249712746    7.885019918
    4.910328657    0.235120256    0.240481517    7.858063378
    4.930366733    0.224744300    0.229924497    7.825290302
    4.950404810    0.212122939    0.217085215    7.783419669
    4.970442886    0.196545145    0.201312119    7.729019646
    4.990480962    0.177667610    0.182268230    7.659258768
    5.010519038    0.155269813    0.159685000    7.572697095
    5.030557114    0.128889322    0.133034065    7.469844722
    5.050595190    0.097697491    0.101430076    7.353244126
    5.070633267    0.060757302    0.063891521    7.226949925
    5.090671343    0.017465955    0.019781687    7.095487318
    5.110709419   -0.032109438   -0.030842891    6.962651084
    5.130747495   -0.087120707   -0.087097931    6.830668193
    5.150785571   -0.145982058   -0.147304664    6.700015287
    5.170823647   -0.206489681   -0.209133488    6.569727220
    5.190861723   -0.266031832   -0.269864565    6.437825403
    5.210899800   -0.321898229   -0.326736920    6.301623651
    5.230937876   -0.371581926   -0.377252538    6.157851921
    5.250975952   -0.412942416   -0.419318105    6.002617150
    5.271014028   -0.444267722   -0.451283622    5.831309715
    5.291052104   -0.464404539   -0.472045840    5.638724745
    5.311090180   -0.472995570   -0.481256432    5.419649971
    5.331128257   -0.470630637   -0.479458789    5.169842453
    5.351166333   -0.458694623   -0.467950036    4.887050881
    5.371204409   -0.438937442   -0.448391828    4.571845216
    5.391242485   -0.413030167   -0.422419775    4.228166163
    5.411280561   -0.382340030   -0.391460588    3.863314686
    5.431318637   -0.347928814   -0.356735967    3.486953221
    5.451356713   -0.310654290   -0.319318834    3.109168806
    5.471394790   -0.271311901   -0.280193061    2.738374104
    5.491432866   -0.230800253   -0.240340755    2.379982468
    5.511470942   -0.190235169   -0.200819150    2.036262894
    5.531509018   -0.150894807   -0.162720372    1.707151549
    5.551547094   -0.113969464   -0.126976800    1.391625347
    5.571585170   -0.080260668   -0.094137149    1.089279682
    5.591623246   -0.050056836   -0.064319515    0.801540789
    5.611661323   -0.023317480   -0.037450150    0.531843189
    5.631699399   -0.000105468   -0.013702119    0.284607276
    5.651737475    0.018962824    0.006106503    0.063618502
    5.671775551    0.032538584    0.020419200   -0.129266569
    5.691813627    0.038782287    0.027254909   -0.294506198
    5.711851703    0.035893548    0.024762630   -0.434431845
    5.731889780    0.022640407    0.011727678   -0.552482269
    5.751927856   -0.001296160   -0.012123973   -0.652495883
    5.771965932   -0.035172813   -0.045998137   -0.738067505
    5.792004008   -0.077179564   -0.088029373   -0.811920281
    5.812042084   -0.124577625   -0.135427528   -0.875494799
    5.832080160   -0.174044953   -0.184849672   -0.928984344
    5.852118236   -0.222259560   -0.233004483   -0.971763513
    5.872156313   -0.266570207   -0.277316679   -1.002968500
    5.892194389   -0.305469261   -0.316367840   -1.022044352
    5.912232465   -0.338678908   -0.349942625   -1.029162402
    5.932270541   -0.366894575   -0.378743584   -1.025403467
    5.952308617   -0.391401212   -0.404000124   -1.012629758
    5.972346693   -0.413758623   -0.427166946   -0.993097699
    5.992384770   -0.435549548   -0.449700800   -0.968970095
    6.012422846   -0.458063063   -0.472780677   -0.941899283
    6.032460922   -0.481932359   -0.496977487   -0.912822000
    6.052498998   -0.506938333   -0.522070424   -0.882050801
    6.072537074   -0.532163200   -0.547187071   -0.849618215
    6.092575150   -0.556470536   -0.571251342   -0.815650639
    6.112613226   -0.579093549   -0.593543915   -0.780517633
    6.132651303   -0.600085672   -0.614145142   -0.744711612
    6.152689379   -0.620506269   -0.634128395   -0.708619208
    6.172727455   -0.642315412   -0.655467105   -0.672355042
    6.192765531   -0.667982426   -0.680651391   -0.635739743
    6.212803607   -0.699849263   -0.712048165   -0.598411558
    6.232841683   -0.739383481   -0.751141967   -0.559979118
    6.252879760   -0.786575981   -0.797923356   -0.520112466
    6.272917836   -0.839759773   -0.850706196   -0.478540001
    6.292955912   -0.895947560   -0.906465782   -0.435006467
    6.312993988   -0.951513270   -0.961523927   -0.389294165
    6.333032064   -1.002918794   -1.012295011   -0.341355922
    6.353070140   -1.047290304   -1.055894824   -0.291472014
    6.373108216   -1.082788192   -1.090530150   -0.240257916
    6.393146293   -1.108735161   -1.115616677   -0.188422964
    6.413184369   -1.125447722   -1.131580193   -0.136376208
    6.433222445   -1.133799583   -1.139386795   -0.083939108
    6.453260521   -1.134705162   -1.139999546   -0.030405916
    6.473298597   -1.128775422   -1.134018852    0.025022914
    6.493336673   -1.116279969   -1.121646874    0.082680008
    6.513374749   -1.097355173   -1.102919311    0.142110177
    6.533412826   -1.072290305   -1.078028891    0.202187167
    6.553450902   -1.041748607   -1.047578536    0.261520034
    6.573488978   -1.006856382   -1.012678280    0.318829557
    6.593527054   -0.969151777   -0.974872519    0.373136595
    6.613565130   -0.930425775   -0.935945953    0.423834838
    6.633603206   -0.892501133   -0.897681271    0.470744610
    6.653641283   -0.856980189   -0.861617595    0.514142899
    6.673679359   -0.825003750   -0.828847749    0.554720645
    6.693717435   -0.797103223   -0.799911985    0.593445348
    6.713755511   -0.773219134   -0.774829946    0.631359263
    6.733793587   -0.752882679   -0.753252673    0.669372958
    6.753831663   -0.735468889   -0.734661546    0.708078768
    6.773869739   -0.720383048   -0.718514624    0.747588360
    6.793907816   -0.707083202   -0.704269658    0.787449446
    6.813945892   -0.694975301   -0.691310247    0.826718764
    6.833983968   -0.683328929   -0.678891290    0.864202164
    6.854022044   -0.671329370   -0.666202515    0.898759227
    6.874060120   -0.658250380   -0.652541746    0.929498533
    6.894098196   -0.643637044   -0.637498031    0.955762603
    6.914136273   -0.627398981   -0.621041076    0.976979711
    6.934174349   -0.609801015   -0.603493794    0.992570206
    6.954212425   -0.591411317   -0.585451611    1.002057321
    6.974250501   -0.573051071   -0.567708656    1.005388817
    6.994288577   -0.555712954   -0.551169377    1.003284241
    7.014326653   -0.540385816   -0.536683787    0.997323245
    7.034364729   -0.527786532   -0.524803297    0.989648978
    7.054402806   -0.518084444   -0.515539239    0.982473561
    7.074440882   -0.510732813   -0.508234504    0.977700266
    7.094478958   -0.504498742   -0.501629363    0.976796325
    7.114517034   -0.497720659   -0.494133542    0.980821551
    7.134555110   -0.488727590   -0.484223025    0.990486188
    7.154593186   -0.476282646   -0.470829405    1.006200272
    7.174631263   -0.459904872   -0.453609915    1.028111653
    7.194669339   -0.439959952   -0.433018873    1.056120117
    7.214707415   -0.417496329   -0.410154031    1.089870940
    7.234745491   -0.393933150   -0.386460119    1.128752309
    7.254783567   -0.370765696   -0.363436493    1.171927531
    7.274821643   -0.349366975   -0.342428144    1.218413610
    7.294859719   -0.330847775   -0.324478567    1.267172783
    7.314897796   -0.315924425   -0.310209045    1.317187952
    7.334935872   -0.304806317   -0.299734144    1.367538406
    7.354973948   -0.297159379   -0.292652441    1.417465788
    7.375012024   -0.292197641   -0.288153348    1.466354902
    7.395050100   -0.288918510   -0.285255594    1.513569699
    7.415088176   -0.286423268   -0.283117663    1.558198395
    7.435126253   -0.284183904   -0.281279455    1.598884586
    7.455164329   -0.282129234   -0.279716058    1.633919257
    7.475202405   -0.280543615   -0.278714525    1.661620753
    7.495240481   -0.279877670   -0.278686393    1.680848737
    7.515278557   -0.280566150   -0.280004775    1.691383688
    7.535316633   -0.282880182   -0.282877149    1.693951936
    7.555354709   -0.286822049   -0.287258022    1.689911514
    7.575392786   -0.292116704   -0.292858024    1.680832320
    7.595430862   -0.298352381   -0.299292706    1.668191736
    7.615468938   -0.305205974   -0.306295135    1.653231028
    7.635507014   -0.312591336   -0.313835836    1.636905664
    7.655545090   -0.320631214   -0.322070472    1.619897266
    7.675583166   -0.329481182   -0.331158594    1.602703374
    7.695621242   -0.339088233   -0.341033684    1.585774537
    7.715659319   -0.348978412   -0.351204975    1.569618923
    7.735697395   -0.358175370   -0.360683213    1.554852475
    7.755735471   -0.365303561   -0.368083919    1.542235409
    7.775773547   -0.368832066   -0.371868065    1.532647579
    7.795811623   -0.367359887   -0.370625624    1.526851295
    7.815849699   -0.359865184   -0.363327457    1.525040620
    7.835887776   -0.345873534   -0.349496943    1.526463814
    7.855925852   -0.325510097   -0.329259549    1.529426937
    7.875963928   -0.299428435   -0.303265408    1.531685730
    7.896002004   -0.268658553   -0.272535947    1.530974793
    7.916040080   -0.234434210   -0.238295983    1.525437671
    7.936078156   -0.198032450   -0.201818507    1.513877885
    7.956116232   -0.160633158   -0.164286378    1.495839680
    7.976154309   -0.123206624   -0.126679845    1.471501261
    7.996192385   -0.086448043   -0.089709664    1.441335506
    8.016230461   -0.050780725   -0.053816669    1.405584135
    8.036268537   -0.016421980   -0.019232120    1.363767600
    8.056306613    0.016537518    0.013947373    1.314528429
    8.076344689    0.048086239    0.045712266    1.255959115
    8.096382766    0.078270240    0.076112954    1.186284452
    8.116420842    0.107166694    0.105225572    1.104576725
    8.136458918    0.134848931    0.133112619    1.011256472
    8.156496994    0.161372359    0.159811160    0.908364193
    8.176535070    0.186806258    0.185372693    0.799637386
    8.196573146    0.211293854    0.209932045    0.690227447
    8.216611222    0.235081234    0.233739710    0.585839721
    8.236649299    0.258465764    0.257106644    0.491427687
    8.256687375    0.281683839    0.280285122    0.410033989
    8.276725451    0.304822371    0.303374334    0.342454206
    8.296763527    0.327827312    0.326325539    0.287892315
    8.316801603    0.350600047    0.349037646    0.245080216
    8.336839679    0.373095679    0.371457693    0.213095620
    8.356877756    0.395344320    0.393606981    0.191481447
    8.376915832    0.417402746    0.415537746    0.179839260
    8.396953908    0.439311928    0.437293635    0.177352580
    8.416991984    0.461114597    0.458927946    0.182565197
    8.437030060    0.482911405    0.480557518    0.193454598
    8.457068136    0.504888878    0.502384995    0.207653159
    8.477106212    0.527280536    0.524654055    0.222660929
    8.497144289    0.550284868    0.547565772    0.236018917
    8.517182365    0.573988117    0.571204208    0.245516142
    8.537220441    0.598318836    0.595495031    0.249508881
    8.557258517    0.623045960    0.620206741    0.247345840
    8.577296593    0.647833652    0.645007228    0.239730748
    8.597334669    0.672349161    0.669571245    0.228741480
    8.617372745    0.696378814    0.693693236    0.217342881
    8.637410822    0.719883482    0.717338345    0.208569325
    8.657448898    0.742957110    0.740598996    0.204804683
    8.677486974    0.765721192    0.763591283    0.207469292
    8.697525050    0.788226957    0.786359677    0.217079828
    8.717563126    0.810416391    0.808837537    0.233452802
    8.737601202    0.832143214    0.830865021    0.255910915
    8.757639279    0.853216358    0.852230653    0.283502858
    8.777677355    0.873430643    0.872704058    0.315232381
    8.797715431    0.892583390    0.892059066    0.350209074
    8.817753507    0.910493920    0.910102555    0.387684049
    8.837791583    0.927030278    0.926708357    0.427044859
    8.857829659    0.942138477    0.941844181    0.467828755
    8.877867735    0.955871063    0.955586853    0.509732183
    8.897905812    0.968399110    0.968119370    0.552605169
    8.917943888    0.979978458    0.979691787    0.596454847
    8.937981964    0.990864127    0.990542066    0.641429483
    8.958020040    1.001211567    1.000809871    0.687718554
    8.978058116    1.011017451    1.010488081    0.735393336
    8.998096192    1.020125351    1.019431079    0.784309330
    9.018134269    1.028282496    1.027405067    0.834148270
    9.038172345    1.035213860    1.034152117    0.884546576
    9.058210421    1.040699422    1.039460495    0.935200741
    9.078248497    1.044666417    1.043255132    0.985905015
    9.098286573    1.047277924    1.045688927    1.036553749
    9.118324649    1.048944240    1.047160828    1.087132131
    9.138362725    1.050209073    1.048209686    1.137682199
    9.158400802    1.051562331    1.049330991    1.188251475
    9.178438878    1.053290699    1.050825501    1.238852542
    9.198476954    1.055448091    1.052763478    1.289420042
    9.218515030    1.057946866    1.055070479    1.339724443
    9.238553106    1.060701773    1.057670665    1.389260285
    9.258591182    1.063749106    1.060607542    1.437197286
    9.278629259    1.067289298    1.064085502    1.482457069
    9.298667335    1.071632397    1.068412298    1.523861938
    9.318705411    1.077073484    1.073873688    1.560218609
    9.338743487    1.083767055    1.080610540    1.590262636
    9.358781563    1.091666103    1.088561040    1.612558209
    9.378819639    1.100551120    1.097489653    1.625536135
    9.398857715    1.110123159    1.107078408    1.627719319
    9.418895792    1.120102504    1.117028194    1.617951995
    9.438933868    1.130285626    1.127125038    1.595434865
    9.458971944    1.140551725    1.137255960    1.559630760
    9.479010020    1.150839038    1.147386101    1.510262731
    9.499048096    1.161115920    1.157521223    1.447452009
    9.519086172    1.171358758    1.167671303    1.371837255
    9.539124248    1.181533831    1.177815862    1.284565919
    9.559162325    1.191581179    1.187878169    1.187222887
    9.579200401    1.201412249    1.197730371    1.081823476
    9.599238477    1.210929983    1.207234269    0.970888280
    9.619276553    1.220058237    1.216289315    0.857458988
    9.639314629    1.228752522    1.224850935    0.744884638
    9.659352705    1.236965874    1.232894451    0.636355386
    9.679390782    1.244572334    1.240330784    0.534377379
    9.699428858    1.251299854    1.246928522    0.440469544
    9.719466934    1.256738684    1.252311431    0.355222840
    9.739505010    1.260436160    1.256043766    0.278630893
    9.759543086    1.262020684    1.257746930    0.210462262
    9.779581162    1.261296742    1.257194257    0.150460677
    9.799619238    1.258307611    1.254385344    0.098317381
    9.819657315    1.253390921    1.249620321    0.053558162
    9.839695391    1.247225810    1.243561230    0.015517294
    9.859733467    1.240827874    1.237229111   -0.016607116
    9.879771543    1.235431785    1.231876781   -0.043752661
    9.899809619    1.232252546    1.228735258   -0.067095931
    9.919847695    1.232216841    1.228736224   -0.088138350
    9.939885772    1.235791599    1.232343479   -0.108620490
    9.959923848    1.242958813    1.239537084   -0.130268964
    9.979961924    1.253290671    1.249894257   -0.154535506
   10.000000000    1.266061902    1.262699473   -0.182442633
