# energy grid [eV]     epsr_x  epsr_y  epsr_z
#
    0.001000000******************************    4.468234376
    0.021038076  -32.912544610  -51.548972820    4.754379461
    0.041076152    0.991290302   -3.751079709    4.754760140
    0.061114228    7.288650967    5.328780021    4.754908335
    0.081152305    9.425864411    8.452332798    4.755119668
    0.101190381   10.360448828    9.837115505    4.755433366
    0.121228457   10.822981560   10.542126731    4.755867125
    0.141266533   11.065349589   10.934309883    4.756434991
    0.161304609   11.194065000   11.165913026    4.757148494
    0.181342685   11.259088311   11.305001443    4.758015571
    0.201380762   11.282848361   11.379881846    4.759039854
    0.221418838   11.271596483   11.397036975    4.760220901
    0.241456914   11.221149955   11.350037132    4.761555300
    0.261494990   11.120752468   11.225521424    4.763038125
    0.281533066   10.956214858   11.008644078    4.764664266
    0.301571142   10.713600770   10.689488083    4.766429340
    0.321609218   10.385327022   10.271245575    4.768330175
    0.341647295    9.978378811    9.777689266    4.770364966
    0.361685371    9.519582517    9.253487720    4.772533218
    0.381723447    9.051695918    8.753171341    4.774835552
    0.401761523    8.620679612    8.323982566    4.777273406
    0.421799599    8.262306643    7.993728220    4.779848723
    0.441837675    7.995561707    7.769290585    4.782563685
    0.461875752    7.823284778    7.642371013    4.785420565
    0.481913828    7.736521590    7.596608605    4.788421687
    0.501951904    7.719779558    7.613157721    4.791569470
    0.521989980    7.755743746    7.674294008    4.794866485
    0.542028056    7.828569676    7.765290710    4.798315484
    0.562066132    7.925472107    7.874947807    4.801919383
    0.582104208    8.036974806    7.995278269    4.805681193
    0.602142285    8.156434564    8.120829676    4.809603906
    0.622180361    8.279328224    8.247956358    4.813690308
    0.642218437    8.402565070    8.374186880    4.817942723
    0.662256513    8.523922331    8.497725836    4.822362645
    0.682294589    8.641626381    8.617089326    4.826950275
    0.702332665    8.754091601    8.730879055    4.831704011
    0.722370741    8.859847712    8.837725500    4.836620045
    0.742408818    8.957685681    8.936436310    4.841692365
    0.762446894    9.046975170    9.026320327    4.846913515
    0.782484970    9.127960952    9.107521960    4.852276236
    0.802523046    9.201775549    9.181118446    4.857775407
    0.822561122    9.270048040    9.248835437    4.863408812
    0.842599198    9.334238889    9.312451618    4.869174948
    0.862637275    9.394977832    9.373113135    4.875067419
    0.882675351    9.451695586    9.430823855    4.881067933
    0.902713427    9.502757623    9.484337918    4.887141429
    0.922751503    9.546114571    9.531548415    4.893236324
    0.942789579    9.580223450    9.570280675    4.899291325
    0.962827655    9.604806020    9.599212661    4.905248920
    0.982865731    9.621060895    9.618516383    4.911073693
    1.002903808    9.631257816    9.629878369    4.916769686
    1.022941884    9.637986164    9.635878147    4.922387548
    1.042979960    9.643442394    9.639075851    4.928013558
    1.063018036    9.649002753    9.641280195    4.933740147
    1.083056112    9.655120259    9.643258257    4.939628550
    1.103094188    9.661460341    9.644835337    4.945682389
    1.123132265    9.667176774    9.645210669    4.951848013
    1.143170341    9.671259358    9.643382548    4.958041136
    1.163208417    9.672861307    9.638600723    4.964180939
    1.183246493    9.671501329    9.630719887    4.970209517
    1.203284569    9.667148062    9.620362318    4.976089700
    1.223322645    9.660295954    9.608877739    4.981792020
    1.243360721    9.652040772    9.598113107    4.987286246
    1.263398798    9.644016725    9.590043992    4.992544885
    1.283436874    9.638136514    9.586422143    4.997555810
    1.303474950    9.636266027    9.588606706    5.002336113
    1.323513026    9.639991806    9.597593584    5.006941491
    1.343551102    9.650516812    9.614101574    5.011470299
    1.363589178    9.668615327    9.638563063    5.016060523
    1.383627255    9.694585473    9.670992140    5.020873158
    1.403665331    9.728247956    9.710859071    5.026059784
    1.423703407    9.769101695    9.757149455    5.031725972
    1.443741483    9.816641902    9.808672230    5.037909048
    1.463779559    9.870679189    9.864505040    5.044581454
    1.483817635    9.931448653    9.924364922    5.051677060
    1.503855711    9.999429984    9.988706620    5.059124798
    1.523893788   10.075016283   10.058477037    5.066870466
    1.543931864   10.158261017   10.134656116    5.074879139
    1.563969940   10.248807032   10.217838125    5.083124863
    1.584008016   10.345921632   10.308031564    5.091576906
    1.604046092   10.448546153   10.404683277    5.100187579
    1.624084168   10.555376060   10.506811927    5.108883999
    1.644122244   10.664990175   10.613101709    5.117564693
    1.664160321   10.775943392   10.721882950    5.126103001
    1.684198397   10.886722544   10.831072912    5.134362691
    1.704236473   10.995549829   10.938185732    5.142228949
    1.724274549   11.100080775   11.040377050    5.149649440
    1.744312625   11.197098206   11.134384777    5.156670234
    1.764350701   11.282386420   11.216373962    5.163442890
    1.784388778   11.350993867   11.281959959    5.170188209
    1.804426854   11.398001048   11.326747595    5.177135829
    1.824464930   11.419708593   11.347458532    5.184479077
    1.844503006   11.414854480   11.343245274    5.192360007
    1.864541082   11.385240989   11.316420401    5.200866603
    1.884579158   11.335328338   11.272028263    5.210027805
    1.904617234   11.270989592   11.216489767    5.219813899
    1.924655311   11.198264051   11.156224207    5.230151663
    1.944693387   11.122837275   11.096965882    5.240950446
    1.964731463   11.050023785   11.043628737    5.252130446
    1.984769539   10.984495318   11.000112100    5.263646446
    2.004807615   10.929642584   10.968888480    5.275499260
    2.024845691   10.887074134   10.950654931    5.287729844
    2.044883768   10.856505874   10.944230350    5.300401387
    2.064921844   10.835992101   10.946826449    5.313580857
    2.084959920   10.822492426   10.954814827    5.327325681
    2.104997996   10.812729580   10.964780586    5.341672640
    2.125036072   10.804167047   10.974444949    5.356626090
    2.145074148   10.795834691   10.983184255    5.372149187
    2.165112224   10.788612865   10.992013782    5.388165449
    2.185150301   10.784736038   11.003065816    5.404575091
    2.205188377   10.786766006   11.018793668    5.421283317
    2.225226453   10.796552853   11.041119205    5.438229148
    2.245264529   10.814538100   11.070674673    5.455399297
    2.265302605   10.839556976   11.106405268    5.472816795
    2.285340681   10.869125178   11.145730683    5.490510201
    2.305378758   10.899904236   11.185040103    5.508489237
    2.325416834   10.928000785   11.220102271    5.526754080
    2.345454910   10.949155755   11.246310765    5.545337698
    2.365492986   10.959129792   11.259030613    5.564349717
    2.385531062   10.954297193   11.254185275    5.583985087
    2.405569138   10.932069493   11.228826846    5.604483689
    2.425607214   10.890836126   11.181324250    5.626063219
    2.445645291   10.829514047   11.111113676    5.648865886
    2.465683367   10.747073419   11.018244765    5.672940882
    2.485721443   10.642362530   10.902942563    5.698253942
    2.505759519   10.514248150   10.765258813    5.724704838
    2.525797595   10.361800885   10.604819782    5.752141104
    2.545835671   10.184395455   10.420713865    5.780366687
    2.565873747    9.981952382   10.211596553    5.809152577
    2.585911824    9.755452365    9.976046020    5.838259390
    2.605949900    9.507368069    9.713134264    5.867474457
    2.625987976    9.241490414    9.423091799    5.896651300
    2.646026052    8.962012361    9.107753702    5.925731356
    2.666064128    8.672252381    8.770361236    5.954736768
    2.686102204    8.373610105    8.414590955    5.983738674
    2.706140281    8.065137924    8.043269723    6.012811062
    2.726178357    7.743753329    7.657528853    6.041982293
    2.746216433    7.404992294    7.256863546    6.071203364
    2.766254509    7.044285902    6.840051234    6.100349000
    2.786292585    6.658640568    6.406559498    6.129250965
    2.806330661    6.248253486    5.957924923    6.157752423
    2.826368737    5.817418088    5.498539195    6.185774263
    2.846406814    5.374299988    5.035508071    6.213382719
    2.866444890    4.929602923    4.577733735    6.240828792
    2.886482966    4.494585837    4.134710951    6.268513692
    2.906521042    4.079160345    3.715441172    6.296864509
    2.926559118    3.690745727    3.327595461    6.326176704
    2.946597194    3.334189255    2.976971995    6.356520421
    2.966635271    3.012490856    2.667313079    6.387763219
    2.986673347    2.727632517    2.400376517    6.419674475
    3.006711423    2.480886093    2.175952379    6.452030695
    3.026749499    2.272479862    1.991707000    6.484664438
    3.046787575    2.101000794    1.843208063    6.517453133
    3.066825651    1.963111942    1.724603380    6.550282321
    3.086863727    1.853981256    1.629957610    6.583015480
    3.106901804    1.768338056    1.554670948    6.615464895
    3.126939880    1.701664626    1.496262233    6.647337317
    3.146977956    1.650973879    1.454178249    6.678160835
    3.167016032    1.614847453    1.428854250    6.707247451
    3.187054108    1.592774561    1.420609111    6.733750368
    3.207092184    1.584206151    1.428902644    6.756826631
    3.227130261    1.587856852    1.452105657    6.775849425
    3.247168337    1.601562914    1.487643918    6.790571659
    3.267206413    1.622675192    1.532385677    6.801159888
    3.287244489    1.648731051    1.583187172    6.808088282
    3.307282565    1.678040314    1.637412078    6.811946728
    3.327320641    1.709888029    1.693194551    6.813248960
    3.347358717    1.744318814    1.749377527    6.812323662
    3.367396794    1.781707207    1.805266366    6.809300002
    3.387434870    1.822301159    1.860369389    6.804100690
    3.407472946    1.865793925    1.914182452    6.796382937
    3.427511022    1.910987550    1.965989488    6.785529341
    3.447549098    1.955660153    2.014646335    6.770848322
    3.467587174    1.996684038    2.058375241    6.751957465
    3.487625251    2.030421113    2.094747739    6.729089763
    3.507663327    2.053480257    2.121125081    6.703083011
    3.527701403    2.063726043    2.135561812    6.675102636
    3.547739479    2.061015209    2.137674207    6.646359775
    3.567777555    2.047134872    2.128835515    6.617962189
    3.587815631    2.025015652    2.111567075    6.590785946
    3.607853707    1.997788388    2.088616957    6.565240275
    3.627891784    1.968107733    2.062298843    6.541029264
    3.647929860    1.937768738    2.034261075    6.517155753
    3.667967936    1.907541205    2.005500662    6.492259852
    3.688006012    1.877262576    1.976425207    6.465133752
    3.708044088    1.846208118    1.946943874    6.435163906
    3.728082164    1.813592486    1.916656391    6.402535159
    3.748120240    1.778994204    1.885147654    6.368171655
    3.768158317    1.742567695    1.852279309    6.333497597
    3.788196393    1.704992495    1.818309313    6.300135744
    3.808234469    1.667211285    1.783770899    6.269627969
    3.828272545    1.630157669    1.749256861    6.243212839
    3.848310621    1.594710124    1.715350773    6.221668903
    3.868348697    1.561862389    1.682770878    6.205236983
    3.888386774    1.532795957    1.652519902    6.193653296
    3.908424850    1.508612470    1.625787739    6.186299855
    3.928462926    1.489881427    1.603581706    6.182414653
    3.948501002    1.476357017    1.586305107    6.181301480
    3.968539078    1.467021932    1.573542150    6.182537711
    3.988577154    1.460350413    1.564144427    6.186170695
    4.008615230    1.454617552    1.556526657    6.192803510
    4.028653307    1.448151281    1.548992941    6.203457653
    4.048691383    1.439471354    1.539933767    6.219243650
    4.068729459    1.427284077    1.527831909    6.241018137
    4.088767535    1.410384255    1.511165000    6.269193158
    4.108805611    1.387623476    1.488401169    6.303730010
    4.128843687    1.358092603    1.458226732    6.344240034
    4.148881764    1.321483546    1.419944337    6.390104197
    4.168919840    1.278398622    1.373830689    6.440574261
    4.188957916    1.230388971    1.321281987    6.494853039
    4.208995992    1.179709023    1.264699532    6.552150128
    4.229034068    1.128921231    1.207124906    6.611703529
    4.249072144    1.080484658    1.151684801    6.672771275
    4.269110220    1.036415780    1.101000648    6.734627600
    4.289148297    0.998039978    1.056729554    6.796606017
    4.309186373    0.965798383    1.019329366    6.858190610
    4.329224449    0.939158403    0.988108690    6.919108021
    4.349262525    0.916795187    0.961598980    6.979365281
    4.369300601    0.897104247    0.938163681    7.039199001
    4.389338677    0.878816966    0.916588643    7.098925249
    4.409376754    0.861365076    0.896360698    7.158721233
    4.429414830    0.844828852    0.877534560    7.218418181
    4.449452906    0.829600435    0.860362192    7.277387028
    4.469490982    0.816027453    0.844956519    7.334547656
    4.489529058    0.804204075    0.831136972    7.388485804
    4.509567134    0.793900527    0.818440352    7.437654239
    4.529605210    0.784565442    0.806215289    7.480631738
    4.549643287    0.775400500    0.793730793    7.516373951
    4.569681363    0.765518808    0.780258879    7.544348834
    4.589719439    0.754107460    0.765125616    7.564485666
    4.609757515    0.740479919    0.747746013    7.576994442
    4.629795591    0.724022906    0.727651346    7.582228714
    4.649833667    0.704176557    0.704518509    7.580726293
    4.669871743    0.680543194    0.678217671    7.573366578
    4.689909820    0.653053506    0.648859100    7.561436010
    4.709947896    0.622042802    0.616778491    7.546458959
    4.729985972    0.588157238    0.582425773    7.529849599
    4.750024048    0.552117928    0.546194649    7.512583063
    4.770062124    0.514452767    0.508287417    7.495078471
    4.790100200    0.475342659    0.468708479    7.477348168
    4.810138277    0.434674406    0.427400554    7.459283241
    4.830176353    0.392257649    0.384444715    7.440858742
    4.850214429    0.348066550    0.340216299    7.422127496
    4.870252505    0.302380686    0.295411280    7.403048144
    4.890290581    0.255775506    0.250907256    7.383320327
    4.910328657    0.208983828    0.207500153    7.362379922
    4.930366733    0.162699229    0.165636184    7.339541746
    4.950404810    0.117413250    0.125288131    7.314119552
    4.970442886    0.073354403    0.086056097    7.285382748
    4.990480962    0.030533434    0.047421540    7.252380802
    5.010519038   -0.011161314    0.008974429    7.213772047
    5.030557114   -0.051884356   -0.029521488    7.167769416
    5.050595190   -0.091795283   -0.068203809    7.112237694
    5.070633267   -0.131040876   -0.107191391    7.044893624
    5.090671343   -0.169715571   -0.146559761    6.963511438
    5.110709419   -0.207780776   -0.186223856    6.866048983
    5.130747495   -0.244968470   -0.225826084    6.750669233
    5.150785571   -0.280726807   -0.264705589    6.615728923
    5.170823647   -0.314260355   -0.301958989    6.459874302
    5.190861723   -0.344672609   -0.336589710    6.282321365
    5.210899800   -0.371162474   -0.367736871    6.083239422
    5.230937876   -0.393204245   -0.394896929    5.864045449
    5.250975952   -0.410666972   -0.418009674    5.627426420
    5.271014028   -0.423865676   -0.437387030    5.377008850
    5.291052104   -0.433538313   -0.453579232    5.116759438
    5.311090180   -0.440721253   -0.467242740    4.850359781
    5.331128257   -0.446502500   -0.478982254    4.580798015
    5.351166333   -0.451684461   -0.489129697    4.310262980
    5.371204409   -0.456466748   -0.497513884    4.040291261
    5.391242485   -0.460317143   -0.503382308    3.772051768
    5.411280561   -0.462153949   -0.505621802    3.506617655
    5.431318637   -0.460781885   -0.503215961    3.245125772
    5.451356713   -0.455344473   -0.495655746    2.988813960
    5.471394790   -0.445560921   -0.483054569    2.738931336
    5.491432866   -0.431680077   -0.465967803    2.496492692
    5.511470942   -0.414251407   -0.445108880    2.261938471
    5.531509018   -0.393882620   -0.421152524    2.034930551
    5.551547094   -0.371108332   -0.394688333    1.814513075
    5.571585170   -0.346398297   -0.366281252    1.599600726
    5.591623246   -0.320273571   -0.336582910    1.389501036
    5.611661323   -0.293471161   -0.306455339    1.184205563
    5.631699399   -0.267055052   -0.277045031    0.984413723
    5.651737475   -0.242370050   -0.249737262    0.791416078
    5.671775551   -0.220844751   -0.225997872    0.606942570
    5.691813627   -0.203778022   -0.207204245    0.432975146
    5.711851703   -0.192240667   -0.194561267    0.271496129
    5.731889780   -0.187090781   -0.189092627    0.124214988
    5.751927856   -0.188982869   -0.191611126   -0.007638641
    5.771965932   -0.198276129   -0.202594631   -0.123409572
    5.792004008   -0.214886208   -0.221999816   -0.223028964
    5.812042084   -0.238207438   -0.249122135   -0.307011046
    5.832080160   -0.267160614   -0.282583475   -0.376450198
    5.852118236   -0.300305121   -0.320453194   -0.432946267
    5.872156313   -0.335944799   -0.360476683   -0.478399073
    5.892194389   -0.372237278   -0.400386752   -0.514735958
    5.912232465   -0.407356416   -0.438235235   -0.543711893
    5.932270541   -0.439704479   -0.472628735   -0.566839787
    5.952308617   -0.468107893   -0.502785127   -0.585374043
    5.972346693   -0.491934885   -0.528442464   -0.600254339
    5.992384770   -0.511116718   -0.549724779   -0.612016342
    6.012422846   -0.526077317   -0.567034352   -0.620759132
    6.032460922   -0.537580389   -0.580967016   -0.626237126
    6.052498998   -0.546525435   -0.592225767   -0.628043047
    6.072537074   -0.553757893   -0.601533354   -0.625784329
    6.092575150   -0.559967425   -0.609568257   -0.619187104
    6.112613226   -0.565708036   -0.616947922   -0.608118650
    6.132651303   -0.571500762   -0.624260802   -0.592546820
    6.152689379   -0.577936788   -0.632119673   -0.572477970
    6.172727455   -0.585716435   -0.641191570   -0.547942657
    6.192765531   -0.595602122   -0.652173205   -0.519085820
    6.212803607   -0.608304038   -0.665715402   -0.486326993
    6.232841683   -0.624350911   -0.682321817   -0.450452354
    6.252879760   -0.643999855   -0.702245965   -0.412516878
    6.272917836   -0.667196048   -0.725402496   -0.373581073
    6.292955912   -0.693554872   -0.751313128   -0.334433293
    6.312993988   -0.722356695   -0.779117285   -0.295438635
    6.333032064   -0.752582107   -0.807656255   -0.256554188
    6.353070140   -0.783006502   -0.835596898   -0.217470102
    6.373108216   -0.812325327   -0.861555084   -0.177810092
    6.393146293   -0.839263779   -0.884223590   -0.137324382
    6.413184369   -0.862661069   -0.902537509   -0.096023284
    6.433222445   -0.881551436   -0.915857491   -0.054217599
    6.453260521   -0.895251625   -0.924068964   -0.012441878
    6.473298597   -0.903437033   -0.927508760    0.028723344
    6.493336673   -0.906173700   -0.926752849    0.068840060
    6.513374749   -0.903875676   -0.922391995    0.107703221
    6.533412826   -0.897183139   -0.914890316    0.145314139
    6.553450902   -0.886798342   -0.904535627    0.181825431
    6.573488978   -0.873345576   -0.891454014    0.217550487
    6.593527054   -0.857312819   -0.875671291    0.253034840
    6.613565130   -0.839084370   -0.857207695    0.289096666
    6.633603206   -0.819017136   -0.836182260    0.326745309
    6.653641283   -0.797500317   -0.812899306    0.366973759
    6.673679359   -0.774981175   -0.787889507    0.410512089
    6.693717435   -0.751977722   -0.761880588    0.457648875
    6.713755511   -0.729079333   -0.735694531    0.508172061
    6.733793587   -0.706902464   -0.710108445    0.561411295
    6.753831663   -0.685989905   -0.685742630    0.616339059
    6.773869739   -0.666695971   -0.663017698    0.671697929
    6.793907816   -0.649116559   -0.642165595    0.726123727
    6.813945892   -0.633093580   -0.623254076    0.778239150
    6.833983968   -0.618288779   -0.606214769    0.826726652
    6.854022044   -0.604296219   -0.590884360    0.870426051
    6.874060120   -0.590747532   -0.577049873    0.908494583
    6.894098196   -0.577373742   -0.564481692    0.940604158
    6.914136273   -0.564014205   -0.552947188    0.967072327
    6.934174349   -0.550583598   -0.542199315    0.988805272
    6.954212425   -0.537016038   -0.531950107    1.007029998
    6.974250501   -0.523207366   -0.521869201    1.022949374
    6.994288577   -0.508976000   -0.511629292    1.037504439
    7.014326653   -0.494060784   -0.500956952    1.051317454
    7.034364729   -0.478176942   -0.489643494    1.064761181
    7.054402806   -0.461147123   -0.477540618    1.078079116
    7.074440882   -0.443074209   -0.464590061    1.091513259
    7.094478958   -0.424450899   -0.450872234    1.105398418
    7.114517034   -0.406107665   -0.436610642    1.120178506
    7.134555110   -0.389004212   -0.422112413    1.136329410
    7.154593186   -0.373971191   -0.407697439    1.154215559
    7.174631263   -0.361521304   -0.393668049    1.173937897
    7.194669339   -0.351781798   -0.380307197    1.195240130
    7.214707415   -0.344530908   -0.367865015    1.217515723
    7.234745491   -0.339299509   -0.356531129    1.239909714
    7.254783567   -0.335505718   -0.346420442    1.261469570
    7.274821643   -0.332586833   -0.337577366    1.281282287
    7.294859719   -0.330088575   -0.329977081    1.298559368
    7.314897796   -0.327695032   -0.323521271    1.312703720
    7.334935872   -0.325216484   -0.318051490    1.323422123
    7.354973948   -0.322558210   -0.313385507    1.330862464
    7.375012024   -0.319678595   -0.309349405    1.335670150
    7.395050100   -0.316540870   -0.305780515    1.338895186
    7.415088176   -0.313074453   -0.302506265    1.341772004
    7.435126253   -0.309167509   -0.299328518    1.345436926
    7.455164329   -0.304695862   -0.296039880    1.350663081
    7.475202405   -0.299568670   -0.292462794    1.357699938
    7.495240481   -0.293766652   -0.288474136    1.366259559
    7.515278557   -0.287365814   -0.284001746    1.375608498
    7.535316633   -0.280547944   -0.279019973    1.384692968
    7.555354709   -0.273586477   -0.273565109    1.392272091
    7.575392786   -0.266795292   -0.267751698    1.397080625
    7.595430862   -0.260452189   -0.261756893    1.398033984
    7.615468938   -0.254725371   -0.255764900    1.394450554
    7.635507014   -0.249630362   -0.249900401    1.386234709
    7.655545090   -0.245041181   -0.244201392    1.373949339
    7.675583166   -0.240762298   -0.238662699    1.358716025
    7.695621242   -0.236631711   -0.233327609    1.341943454
    7.715659319   -0.232600051   -0.228362742    1.324994562
    7.735697395   -0.228737495   -0.224051145    1.308957972
    7.755735471   -0.225153337   -0.220678786    1.294607010
    7.775773547   -0.221861441   -0.218352754    1.282478592
    7.795811623   -0.218665099   -0.216838114    1.272927649
    7.815849699   -0.215132985   -0.215504587    1.266068219
    7.835887776   -0.210686157   -0.213434215    1.261644351
    7.855925852   -0.204749349   -0.209663756    1.258979825
    7.875963928   -0.196889211   -0.203454006    1.257124749
    7.896002004   -0.186882989   -0.194458586    1.255136059
    7.916040080   -0.174707722   -0.182731050    1.252277862
    7.936078156   -0.160483892   -0.168607195    1.247991039
    7.956116232   -0.144421142   -0.152551074    1.241684174
    7.976154309   -0.126785464   -0.135032291    1.232511870
    7.996192385   -0.107873006   -0.116452527    1.219270423
    8.016230461   -0.087975426   -0.097114091    1.200454391
    8.036268537   -0.067345359   -0.077223221    1.174436299
    8.056306613   -0.046181120   -0.056916219    1.139689483
    8.076344689   -0.024635546   -0.036284147    1.095025336
    8.096382766   -0.002839808   -0.015381753    1.039895125
    8.116420842    0.019061694    0.005754705    0.974739829
    8.136458918    0.040872680    0.027048135    0.901164963
    8.156496994    0.062338835    0.048310787    0.821670983
    8.176535070    0.083205766    0.069242723    0.738992553
    8.196573146    0.103307709    0.089524521    0.655488372
    8.216611222    0.122613241    0.108941912    0.572972134
    8.236649299    0.141199405    0.127457747    0.492915571
    8.256687375    0.159192640    0.145196847    0.416649343
    8.276725451    0.176723802    0.162370070    0.345356833
    8.296763527    0.193908570    0.179184387    0.279984215
    8.316801603    0.210837433    0.195773699    0.221229742
    8.336839679    0.227563268    0.212171322    0.169589781
    8.356877756    0.244095268    0.228331504    0.125379223
    8.376915832    0.260411035    0.244182506    0.088734588
    8.396953908    0.276475519    0.259672920    0.059641737
    8.416991984    0.292244723    0.274783991    0.037967247
    8.437030060    0.307656930    0.289518850    0.023422919
    8.457068136    0.322637370    0.303899184    0.015437507
    8.477106212    0.337127529    0.317975228    0.013018062
    8.497144289    0.351119131    0.331825374    0.014732894
    8.517182365    0.364666586    0.345533094    0.018887717
    8.537220441    0.377875153    0.359164462    0.023858829
    8.557258517    0.390882223    0.372776113    0.028449512
    8.577296593    0.403841863    0.386447919    0.032106728
    8.597334669    0.416905633    0.400302937    0.034927893
    8.617372745    0.430194051    0.414487420    0.037528704
    8.637410822    0.443767213    0.429118111    0.040874603
    8.657448898    0.457607749    0.444225576    0.046087706
    8.677486974    0.471624123    0.459724084    0.054199610
    8.697525050    0.485678023    0.475428844    0.065904538
    8.717563126    0.499631406    0.491118745    0.081434919
    8.737601202    0.513394997    0.506614394    0.100616546
    8.757639279    0.526957473    0.521831634    0.123038984
    8.777677355    0.540387549    0.536789875    0.148222764
    8.797715431    0.553813837    0.551582387    0.175702774
    8.817753507    0.567391236    0.566330911    0.205029951
    8.837791583    0.581261711    0.581146568    0.235750062
    8.857829659    0.595517676    0.596109229    0.267404386
    8.877867735    0.610178615    0.611263446    0.299552953
    8.897905812    0.625189077    0.626617138    0.331815626
    8.917943888    0.640439500    0.642133888    0.363942866
    8.937981964    0.655803832    0.657730031    0.395902139
    8.958020040    0.671179168    0.673293818    0.427919202
    8.978058116    0.686508079    0.688722066    0.460424686
    8.998096192    0.701772736    0.703949565    0.493926832
    9.018134269    0.716968046    0.718952395    0.528876505
    9.038172345    0.732075053    0.733729216    0.565568433
    9.058210421    0.747054640    0.748281994    0.604088885
    9.078248497    0.761862411    0.762611857    0.644313599
    9.098286573    0.776464147    0.776724172    0.685951357
    9.118324649    0.790835914    0.790628426    0.728607730
    9.138362725    0.804960540    0.804331635    0.771837460
    9.158400802    0.818836382    0.817834187    0.815163044
    9.178438878    0.832484484    0.831127035    0.858046479
    9.198476954    0.845933171    0.844183311    0.899829774
    9.218515030    0.859190951    0.856951351    0.939698322
    9.238553106    0.872232984    0.869362157    0.976712105
    9.258591182    0.885010406    0.881353058    1.009900163
    9.278629259    0.897478676    0.892901027    1.038383968
    9.298667335    0.909627870    0.904049603    1.061484204
    9.318705411    0.921484695    0.914902415    1.078755836
    9.338743487    0.933076670    0.925573822    1.089927813
    9.358781563    0.944392842    0.936129438    1.094801837
    9.378819639    0.955382476    0.946562974    1.093204544
    9.398857715    0.965991560    0.956820831    1.085031875
    9.418895792    0.976202713    0.966845846    1.070335476
    9.438933868    0.986052407    0.976606354    1.049379634
    9.458971944    0.995623804    0.986099178    1.022649656
    9.479010020    1.005020620    0.995335074    0.990831838
    9.499048096    1.014326668    1.004318697    0.954771308
    9.519086172    1.023566780    1.013034392    0.915393601
    9.539124248    1.032695363    1.021451033    0.873585886
    9.559162325    1.041623966    1.029546719    0.830071453
    9.579200401    1.050266740    1.037328520    0.785341486
    9.599238477    1.058567496    1.044818766    0.739685109
    9.619276553    1.066489375    1.052011907    0.693294412
    9.639314629    1.073979223    1.058839770    0.646380935
    9.659352705    1.080937799    1.065178650    0.599251366
    9.679390782    1.087226061    1.070897874    0.552329199
    9.699428858    1.092716786    1.075920861    0.506134244
    9.719466934    1.097363371    1.080262592    0.461217300
    9.739505010    1.101236087    1.084024867    0.418038786
    9.759543086    1.104500921    1.087360867    0.376827632
    9.779581162    1.107359842    1.090431471    0.337506052
    9.799619238    1.109989102    1.093365323    0.299739479
    9.819657315    1.112505080    1.096233958    0.263088662
    9.839695391    1.114971676    1.099060059    0.227181025
    9.859733467    1.117437909    1.101860072    0.191823925
    9.879771543    1.119973669    1.104691420    0.157029790
    9.899809619    1.122679371    1.107670264    0.122961227
    9.919847695    1.125669763    1.110949805    0.089817069
    9.939885772    1.129042779    1.114670731    0.057694824
    9.959923848    1.132842412    1.118905723    0.026490444
    9.979961924    1.137030201    1.123623110   -0.004100436
   10.000000000    1.141480415    1.128680988   -0.034466734
